113711
531740
885853
566609
896674
241034
123233
471673
238213
158057
657706
935142
610916
909358
842017
981898
701086
828009
401328
832600
237267
142178
512760
547650
418426
694392
899419
832852
157057
611201
456070
992173
401125
477361
361111
643158
299144
818989
499387
968192
979334
336290
3045
518117
402104
931748
841945
633471
752764
788826
232228
923208
499862
353820
880228
125817
425707
168604
266359
358222
323982
145985
273198
471471
208299
614011
6186
529355
287940
939916
650972
802770
498408
443081
447566
588735
273332
961938
655957
317104
566795
168299
601799
483098
289238
497522
965512
822360
351140
419584
719078
96792
877850
376309
647597
148481
495103
614127
107081
213000
