3045
6186
96792
107081
113711
123233
125817
142178
145985
148481
157057
158057
168299
168604
208299
213000
232228
237267
238213
241034
266359
273198
273332
287940
289238
299144
317104
323982
336290
351140
353820
358222
361111
376309
401125
401328
402104
418426
419584
425707
443081
447566
456070
471471
471673
477361
483098
495103
497522
498408
499387
499862
512760
518117
529355
531740
547650
566609
566795
588735
601799
610916
611201
614011
614127
633471
643158
647597
650972
655957
657706
694392
701086
719078
752764
788826
802770
818989
822360
828009
832600
832852
841945
842017
877850
880228
885853
896674
899419
909358
923208
931748
935142
939916
961938
965512
968192
979334
981898
992173
