69
105
111
236
280
344
419
438
604
667
682
726
837
1042
1284
1399
1435
1513
1515
1775
1986
2099
2250
2252
2275
2283
2293
2307
2308
2401
2649
2671
2687
2691
2790
3004
3108
3195
3234
3246
3403
3501
3545
3572
3642
3692
3912
3941
4017
4028
4078
4177
4225
4451
4478
4493
4508
4589
4598
4658
4761
4987
5002
5066
5067
5174
5217
5436
5624
5644
5671
5816
5819
5962
5976
6084
6143
6354
6359
6490
6569
6645
6699
6738
6967
7012
7060
7103
7276
7291
7340
7548
7554
7596
7692
7724
7823
7875
8171
8340
8366
8474
8505
8611
8715
8880
9185
9269
9355
9396
9414
9441
9631
9893
10152
10155
10162
10369
10552
10628
10951
10967
11024
11172
11258
11485
11533
11667
11765
11844
11900
12029
12088
12146
12198
12217
12279
12370
12572
12624
12754
12897
12913
12928
13046
13079
13101
13146
13180
13224
13331
13636
13723
13770
14100
14132
14189
14230
14245
14319
14403
14428
14688
14792
15032
15300
15367
15418
15622
15716
15862
15877
16001
16035
16050
16076
16144
16332
16351
16372
16587
16626
16689
16985
17025
17055
17238
17280
17287
17331
17334
17370
17685
17743
17843
17946
17965
18033
18115
18128
18154
18304
18423
18886
18905
18955
19441
19450
19583
19691
19730
19792
19838
19873
19924
19948
20075
20106
20351
20534
20566
20714
20773
20804
20829
21087
21402
21457
21582
21627
21641
21814
21979
22085
22151
22175
22182
22201
22223
22229
22497
22516
22550
22559
22944
23137
23149
23264
23353
23373
23486
23540
23560
23587
23673
23763
23804
23967
24142
24147
24183
24216
24232
24469
24619
24807
24881
24882
24894
24999
25336
25396
25430
25452
25558
25700
25736
25753
26289
26325
26329
26338
26424
26914
27031
27053
27065
27125
27279
27311
27314
27441
27513
27566
27785
27852
27936
27952
28182
28549
28595
28742
28943
29068
29246
29267
29268
29295
29886
30014
30089
30182
30332
30355
30971
30980
31267
31495
31686
31774
31835
31982
32288
32413
32540
32595
32598
32661
32756
32767
32826
33029
33236
33246
33292
33837
33920
33930
33933
34116
34143
34430
34464
34506
34535
34769
35003
35041
35053
35117
35131
35175
35220
35222
35279
35570
35597
35842
35857
35929
35946
36049
36057
36233
36304
36391
36396
36431
36475
36624
36727
36872
36975
37016
37233
37317
37655
37697
37864
38144
38341
38402
38600
38615
38630
38637
38648
38649
38724
38934
38993
39170
39200
39230
39348
39485
39520
39548
39615
39721
39927
40285
40491
40599
40682
40797
40808
40906
40929
40986
41172
41204
41490
41545
41833
41963
42183
42495
42529
42709
42764
42861
42936
42950
42958
42983
43090
43097
43197
43233
43263
43282
43308
43315
43640
43699
43835
44077
44202
44206
44258
44476
44569
44959
45081
45162
45261
45360
45367
45426
45531
45545
45686
45851
45922
46045
46108
46190
46219
46312
46390
46399
46442
46450
46479
46495
46512
46584
46882
46949
46973
46975
47108
47230
47312
47312
47334
47422
47449
47677
47731
47748
47894
48048
48072
48164
48310
48443
48489
48927
48960
49009
49018
49091
49209
49277
49327
49448
49481
49568
49733
49763
49783
49803
49939
49968
50296
50499
50569
50578
50632
50955
51052
51174
51201
51213
51234
51438
51475
51531
51841
51955
51983
52156
52220
52333
52416
52418
52503
52702
52970
53015
53243
53285
53325
53326
53431
53500
53515
53573
53729
53807
53867
54037
54411
54438
54469
54596
54745
54763
54768
54858
54868
54953
54994
55018
55030
55053
55057
55305
55339
55514
55596
55620
55629
55665
55774
55793
55933
56123
56201
56280
56509
56565
56678
56679
56977
56995
57238
57270
57336
57337
57399
57505
57520
57521
57553
57569
57663
57693
57981
58084
58089
58101
58166
58277
58466
58466
58531
58676
58842
58856
58864
59052
59081
59154
59300
59360
59388
59403
59609
59994
60551
60624
60632
60702
60888
60998
61033
61060
61067
61082
61095
61101
61116
61227
61254
61295
61381
61475
61711
61754
62046
62103
62272
62297
62308
62357
62434
62439
62554
62716
62780
62937
62998
63006
63097
63138
63147
63161
63172
63344
63366
63431
63438
63521
63810
63871
63974
64054
64264
64316
64346
64489
64614
64663
64737
64889
65186
65291
65394
65398
65504
65512
65605
65647
65780
65869
66174
66255
66461
66703
66743
66769
67067
67183
67614
67740
67752
67963
68103
68145
68166
68228
68238
68280
68334
68411
68446
68692
68867
68980
69186
69309
69524
69661
70062
70116
70195
70279
70296
70340
70363
70384
70601
70741
70821
70843
70896
71145
71148
71212
71463
71536
71565
71614
71856
71856
71992
72121
72159
72189
72218
72775
73111
73174
73223
73252
73593
73609
73700
73843
73925
73966
74060
74084
74160
74259
74286
74490
74667
74679
74710
74757
74760
74778
74959
75036
75129
75353
75517
75558
75638
75688
75890
76023
76043
76215
76441
76686
76772
76850
76942
77041
77093
77111
77265
77319
77519
77600
77710
77790
77857
77876
77949
77963
78270
78340
78341
78399
78500
78522
78646
78709
78863
78868
78883
78907
78974
79010
79048
79093
79136
79332
79365
79423
79741
79959
79990
80031
80219
80404
80471
80663
80710
80830
80926
81039
81071
81093
81152
81166
81174
81228
81243
81271
81438
81494
81589
81631
81662
81700
81748
82024
82056
82119
82165
82179
82334
82351
82413
82633
82634
82660
82683
83317
83324
83484
83640
83645
83888
83977
83995
84030
84360
84361
84583
84784
84847
84913
84988
85091
85308
85392
85498
85841
85944
85985
86013
86026
86045
86075
86129
86472
86472
86477
86505
86571
86667
86693
86845
86923
87035
87046
87060
87080
87114
87140
87755
87776
87777
87837
87849
87896
87996
88094
88107
88111
88144
88295
88300
88326
88344
88382
88437
88493
88498
88611
88842
89051
89133
89148
89173
89390
89484
89497
89514
89517
89547
89729
89796
89833
89960
90105
90162
90219
90272
90278
90329
90384
90567
90724
90807
91093
91321
91384
91523
91528
91613
91715
91747
91757
92143
92468
92825
93077
93092
93169
93306
93367
93530
93634
93959
94134
94175
94207
94219
94229
94527
94595
94682
94771
94878
95031
95188
95190
95209
95391
95411
95514
95528
95709
95734
95878
95888
95895
96004
96004
96133
96181
96207
96246
96432
96478
96483
96635
96695
96807
97165
97181
97190
97263
97282
97335
97364
97383
97489
97501
97521
97563
97620
97639
97809
97883
97899
97915
97944
97992
98071
98082
98086
98229
98270
98319
98487
98923
99035
99123
99188
99295
99363
99451
99577
99661
99713
99798
99808
99821
99829
99872
100054
100075
100216
100294
100445
100523
100588
101031
101119
101307
101391
101391
101408
101465
101474
101518
101606
101732
102079
102222
102419
102420
102439
102444
102471
102592
102607
102617
102622
102648
102700
102768
102817
102853
102922
102951
103112
103238
103300
103343
103438
103477
103484
103529
103612
103798
103864
104001
104214
104332
104593
104608
104864
104991
105095
105140
105301
105669
105832
106007
106074
106158
106222
106365
106490
106547
106666
106718
106762
106871
106900
106955
107053
107173
107293
107298
107315
107372
107448
107480
107779
107848
107897
107942
107975
108018
108118
108132
108192
108370
108463
108477
108508
108628
108649
108673
108707
108732
108861
109053
109069
109072
109205
109572
109577
109615
109778
109882
109992
110035
110077
110105
110309
110490
110500
110545
110560
110562
110646
110708
110716
110855
110966
111127
111141
111215
111232
111387
111619
111698
111867
111936
112048
112116
112421
112661
112676
112677
112703
112735
112768
112802
112960
112981
113143
113213
113236
113410
113568
113582
113863
113896
113955
114340
114387
114539
114583
114621
114820
114929
115021
115079
115105
115124
115257
115300
115395
115417
115463
115471
115487
115655
115760
115828
115891
115960
116278
116471
116477
116512
116618
116760
116773
116796
116917
117075
117268
117275
117361
117462
117470
117487
117542
117976
118002
118017
118030
118095
118109
118141
118477
118564
118669
118684
118857
118979
119029
119107
119124
119131
119195
119364
119442
119749
119892
119933
119966
120021
120299
120432
120434
120459
120710
120814
120880
120911
120972
121006
121030
121230
121243
121376
121499
121731
121764
121790
121884
121904
121957
121987
121999
122044
122061
122149
122519
122587
122705
122772
122907
123312
123348
123410
123738
123881
123966
124034
124045
124194
124316
124357
124375
124479
124503
124545
124546
124631
124646
124741
124799
124978
125227
125296
125346
125562
125599
125727
125938
126066
126085
126093
126203
126234
126281
126330
126414
126591
126627
126681
126716
127077
127107
127162
127443
127923
127925
127942
128141
128216
128322
128469
128506
128663
128682
128745
128874
129143
129245
129269
129313
129333
129447
129660
129671
129769
129827
129940
130033
130153
130179
130319
130377
130413
130909
131404
131547
131619
131717
131766
132085
132195
132196
132332
132633
132751
132807
133307
133413
133676
133762
134100
134163
134199
134278
134386
134417
134438
134464
134492
134650
134724
134742
134842
134949
134976
135035
135087
135095
135208
135312
135326
135655
135657
136303
136368
136419
136421
136471
136473
136474
136578
136589
136695
136899
136989
137072
137115
137119
137431
137548
137605
137689
137979
138095
138196
138255
138267
138430
138546
138686
138892
138899
138968
138994
139038
139130
139169
139182
139504
139610
139830
139964
139981
139995
140023
140060
140113
140172
140199
140292
140348
140401
140588
140726
140816
140829
140845
141023
141078
141156
141198
141201
141272
141359
141490
141619
141686
141708
141738
142154
142303
142375
142670
142807
142969
143215
143241
143359
143374
143592
143826
143838
143924
143985
143999
144148
144675
144811
145036
145317
145561
145570
145588
145788
145846
145865
145995
146001
146052
146171
146399
146471
146563
146681
147029
147137
147202
147257
147274
147395
147432
147435
147530
147629
147703
147940
148042
148109
148430
148477
148527
148630
148854
148961
148970
149134
149159
149278
149427
149511
149543
149656
150098
150126
150159
150203
150235
150339
150349
150416
150428
150509
150596
150665
151018
151058
151078
151099
151330
151381
151407
151590
151750
151809
152006
152157
152282
152457
152489
152507
152546
152610
152634
152635
152635
152817
152951
153209
153278
153435
153503
153517
153556
153592
153644
153686
153704
153705
153772
153826
153969
154221
154270
154357
154549
154572
154604
155023
155077
155131
155254
155347
155421
155432
155468
155491
155576
155864
155876
155942
156041
156086
156332
156369
156516
156547
156579
156591
156642
156683
156852
157003
157126
157145
157220
157253
157529
157611
157672
157766
158064
158433
158580
158598
158626
158703
158942
159084
159216
159239
159378
159728
159806
159975
160183
160250
160395
160639
160665
160666
160780
160853
160874
160896
161243
161448
161646
161855
162097
162123
162188
162258
162298
162400
162546
162573
162598
162915
162948
163089
163181
163213
163229
163252
163287
163366
163601
163630
163724
163785
164102
164222
164271
164275
164423
164539
164550
164567
164708
164813
164849
164940
164968
165170
165300
165616
165665
165912
165928
165980
166044
166090
166212
166247
166262
166638
167084
167255
167307
167310
167351
167377
167401
167622
167790
167844
167886
168121
168222
168312
168331
168348
168371
168765
168927
169181
169205
169232
169394
169465
169470
169586
169603
169631
169654
169664
169770
169995
170153
170160
170244
170315
170343
170422
170842
170987
170999
171013
171085
171145
171273
171339
171553
171596
171700
171786
171953
172139
172220
172338
172372
172390
172396
172644
172660
172712
173146
173234
173239
173365
173379
173398
173423
173582
173773
173809
173913
174021
174040
174063
174168
174359
174424
174429
174538
174601
174697
174822
174896
174973
175038
175140
175141
175364
175443
175728
175732
176002
176091
176179
176182
176193
176289
176498
176637
176940
177040
177092
177136
177389
177421
177430
177745
177781
177937
178106
178176
178317
178482
178490
178501
178517
178520
178956
178983
179179
179315
179439
179646
179904
179923
180470
180484
180557
180565
181043
181078
181137
181170
181254
181271
181278
181279
181538
181628
181721
181746
181764
181933
182057
182490
182622
182671
182739
182769
182803
182937
183008
183444
183523
183562
184246
184393
184440
184441
184600
184636
184945
185246
185334
185420
185516
185562
185705
185756
185780
185987
186115
186157
186175
186210
186483
186529
186668
186685
186777
187037
187068
187130
187227
187298
187317
187534
187797
188143
188172
188242
188269
188323
188431
188479
188489
188522
188535
188726
188767
188866
188884
188910
188949
188949
188989
189106
189301
189566
189574
189603
189682
189724
189780
189864
190047
190138
190221
190288
190317
190403
190506
190527
190824
190847
190891
191017
191342
191447
191612
191665
191746
191983
192255
192256
192316
192334
192436
192466
192686
192803
192862
192891
193297
193573
193607
193661
193951
194075
194088
194124
194125
194360
194489
194595
194608
194919
194941
195119
195195
195270
195371
195405
195533
195589
195694
195966
195997
196082
196265
196340
196371
196411
196431
196490
197052
197182
197188
197300
197381
197450
197468
197776
197790
197876
197887
197913
197971
198008
198155
198370
198433
198486
198549
198654
198679
198760
198834
198968
199099
199264
199473
199735
199920
200144
200178
200335
200533
200648
200881
200963
201043
201110
201139
201227
201362
201598
201676
201771
201802
201978
201983
202232
202255
202649
202999
203040
203124
203157
203204
203363
203612
203718
203925
204015
204022
204060
204088
204445
204460
204489
204502
204923
205032
205147
205300
205392
205438
205610
205647
205672
205765
205805
205886
205930
205992
206130
206144
206149
206278
206509
206558
206615
206695
206700
206774
206821
206902
206920
207048
207226
207313
207359
207434
207446
207478
207911
207930
208056
208088
208108
208172
208310
208559
208690
208758
208936
209047
209146
209160
209194
209205
209443
209542
209553
209596
209599
209712
209760
209775
209826
209923
210124
210136
210151
210183
210190
210214
210393
210496
210501
210680
210697
210753
210755
210844
211062
211129
211469
211601
211720
212007
212052
212058
212138
212193
212264
212275
212397
212443
212592
212648
212896
213138
213155
213168
213279
213287
213365
213433
213437
213471
213680
213761
213774
213871
214131
214146
214462
214485
214524
214560
214740
214876
214899
214962
214972
214998
215105
215200
215252
215253
215285
215373
215444
215706
215733
215763
215889
215906
216001
216140
216360
216363
216417
216421
216473
216552
216588
216710
216776
216867
216895
216903
216935
217041
217187
217494
217701
217750
217790
217836
217885
217983
217992
218222
218390
218464
218992
219029
219132
219163
219262
219287
219664
219785
219833
219878
219916
219935
219944
219988
220240
220434
220580
220826
220890
220899
220917
220953
220964
220975
220990
221084
221097
221103
221104
221162
221282
221433
221641
221761
221850
221900
222045
222130
222186
222254
222394
222493
222550
222680
222899
222917
222928
222987
223185
223193
223261
223428
223533
223748
223805
223891
224170
224176
224291
224302
224434
224466
224538
224565
224616
224711
224737
224768
224806
224939
225432
225473
225663
225762
225773
225946
226073
226078
226210
226264
226315
226339
226476
226488
226535
226619
226691
226692
226777
226808
226907
227039
227220
227412
227448
227473
227573
227664
227778
227872
227929
227970
227978
228135
228277
228367
228406
228428
228660
228757
228881
228994
229134
229357
229375
229454
229568
229626
229633
229776
229844
229848
229907
230030
230096
230177
230373
230605
230645
230866
230926
230990
231092
231313
231320
231321
231492
231570
231747
231889
231927
232080
232255
232267
232345
232383
232452
232490
232509
232558
232667
232769
232822
232876
232913
232961
233057
233159
233202
233288
233493
233662
233678
233783
233883
233941
234046
234105
234249
234286
234370
234382
234565
234616
234647
234675
234724
234809
234846
234864
234911
234972
235050
235143
235184
235575
235660
235700
235854
235888
235994
235996
236008
236122
236159
236208
236256
236265
236285
236315
236455
236573
236682
236821
236840
236907
236928
237013
237023
237096
237164
237177
237617
237691
237913
238061
238252
238333
238438
238536
238649
238685
238733
238739
239324
239383
239500
239705
239855
239984
240056
240092
240115
240116
240264
240324
240470
240521
240571
240620
240809
240826
240853
240859
240891
240926
241016
241040
241235
241327
241417
241514
241693
241706
241769
241822
241886
241909
241931
242123
242255
242464
242467
242575
242812
242814
242982
243176
243254
243370
243563
243572
243575
243746
243843
243935
243985
244105
244146
244264
244282
244342
244413
244514
244840
245240
245472
245483
245611
245772
245896
245973
246022
246302
246437
246725
246728
246735
246783
247026
247178
247549
247618
247688
247715
247773
247824
247991
248036
248078
248203
248230
248431
248433
248523
248594
248623
248639
248703
248772
248831
248881
248932
249429
249452
249453
249472
249603
250497
250528
250678
250742
250798
250881
250960
250978
251400
251688
251726
251818
252087
252162
252299
252548
253464
253608
253633
253737
253820
253859
253893
253934
254088
254322
254524
254640
254750
255051
255131
255190
255263
255407
255415
255596
255622
255782
255880
256032
256038
256229
256286
256316
256423
256709
256774
257065
257254
257254
257471
257480
257502
257632
257676
257835
258036
258268
258318
258341
258398
258573
258705
258858
258874
258958
259053
259069
259086
259281
259382
259499
259622
259733
259772
259834
259988
260355
260675
260703
260760
260842
260949
261127
261631
261745
261794
261852
261934
262069
262179
262308
262524
262608
262667
262679
262766
262857
262916
262978
263000
263023
263024
263221
263272
263415
263466
263478
263603
263742
263981
264026
264116
264164
264202
264436
264611
264777
264853
264912
265132
265250
265261
265326
265366
265373
265589
265662
265694
265773
266006
266153
266197
266326
266386
266424
266472
266480
266522
266535
266721
266836
266894
266982
267121
267124
267183
267197
267278
267288
267401
267631
267697
267801
268043
268290
268393
268404
268734
268964
269096
269250
269272
269449
269514
269649
269656
269751
269762
269987
270045
270048
270060
270120
270157
270289
270373
270452
270795
270881
270903
270984
271193
271240
271263
271356
271369
271547
271632
271700
271709
271713
271886
271902
272182
272206
272296
272454
272696
272713
272943
272973
273087
273161
273208
273230
273274
273434
273516
273617
273701
273847
273848
274077
274119
274158
274171
274207
274248
274350
274351
274396
274423
274467
274607
274621
274663
274781
274921
275137
275167
275387
275558
275716
275751
275809
275814
276088
276136
276139
276158
276211
276263
276367
276378
276634
276670
276930
277087
277335
277353
277371
277443
277459
277590
277730
277850
278056
278074
278469
278503
278740
278930
279034
279148
279154
279408
279594
279594
279879
280034
280091
280223
280296
280498
280653
280654
280833
281086
281142
281150
281181
281190
281254
281280
281554
281639
281700
281878
281965
282299
282332
282415
282452
282584
282652
282958
283105
283130
283162
283269
283283
283565
283706
283775
283956
284054
284055
284241
284522
285245
285296
285315
285334
285359
285593
285600
285602
285638
285687
285789
285899
285947
285990
286111
286219
286225
286279
286391
286622
286653
286664
286771
287059
287201
287204
287307
287377
287414
287505
287571
287723
287725
287737
287841
287957
287960
288027
288175
288352
288449
288460
288489
288571
288588
288642
288738
288924
289086
289152
289169
289348
289738
289873
289878
289939
290447
290509
290523
290552
290571
290645
290791
290834
290887
290896
291009
291192
291344
291346
291367
291374
291536
291800
291825
291854
291893
291894
291910
291999
292109
292140
292163
292327
292521
293430
293443
293572
293832
293892
293919
293982
294152
294246
294286
294317
294482
294564
294617
294716
294793
294837
294933
295123
295204
295236
295390
295406
295487
295548
295642
295860
295889
296176
296196
296198
296370
296433
296506
296508
296734
296949
297067
297107
297140
297171
297344
297868
297876
297933
298000
298071
298238
298330
298416
298479
298566
298676
298748
298783
298838
298963
299031
299118
299135
299346
299436
299527
299722
299746
299792
299918
299941
300123
300251
300288
300384
300397
300456
300549
300662
300779
301146
301554
301567
301634
301829
301894
301905
301907
302001
302210
302596
302770
302790
302860
303004
303044
303051
303056
303065
303159
303347
303392
303436
303504
303553
303657
303686
303700
303727
303751
303782
303872
303873
303900
303975
304003
304058
304073
304195
304197
304312
304365
304533
304567
304569
304774
304823
304859
305049
305104
305106
305329
305383
305420
305494
305504
305543
305549
305696
305750
305799
306002
306036
306126
306248
306266
306537
306898
306902
306910
306993
307002
307013
307113
307538
307546
307889
307995
308005
308113
308135
308176
308329
308373
308410
308467
308492
308665
308702
308736
308807
308950
308985
309094
309289
309420
309721
309854
309993
310033
310056
310078
310127
310128
310261
310323
310333
310401
310469
310634
310708
310785
311073
311142
311273
311284
311400
311441
311473
311536
311623
311672
311701
311780
311817
311914
312000
312162
312349
312527
312584
312605
312689
312728
312959
312966
312992
313091
313361
313428
313470
313684
313746
313821
313853
314173
314310
314353
314459
314679
314707
314760
314792
314811
314825
315005
315031
315036
315141
315143
315372
315740
315799
315823
316131
316176
316203
316320
316416
316506
316586
316597
316686
316886
317017
317169
317194
317238
317244
317278
317313
317493
317522
317559
317561
317731
317792
318002
318044
318068
318155
318362
318397
318413
318466
318541
318613
318642
318924
319024
319118
319139
319177
319201
319203
319242
319272
319297
319397
319401
319415
319438
319442
319724
319771
319929
320027
320069
320072
320260
320421
320776
321029
321201
321236
321389
321514
321521
321603
321672
321782
321788
321890
321935
322156
322222
322590
322887
323041
323208
323423
323452
323561
324003
324235
324432
324489
324553
324594
324666
324678
324701
324733
324751
324978
325439
325587
325875
325893
325947
326061
326177
326179
326295
326440
326588
326636
326673
326685
326711
326725
326812
326878
326896
326925
326988
327081
327289
327350
327411
327476
327595
327633
327840
327846
327917
328025
328045
328075
328092
328240
328402
328631
328646
328838
328969
328993
329020
329051
329152
329236
329239
329358
329477
329492
329566
329600
329706
329799
329840
329906
330079
330095
330313
330313
330503
330546
330647
330710
330747
330845
331000
331118
331127
331135
331289
331356
331466
331473
331968
332142
332260
332462
332512
332602
332630
332730
332743
332793
332895
333079
333201
333258
333276
333663
333694
333695
333702
333801
333932
334092
334171
334270
334456
334523
334572
334595
334652
334671
334701
334718
334720
334898
334909
335042
335056
335209
335220
335875
335894
336002
336021
336060
336308
336325
336474
336513
336684
336724
336978
337268
337378
337666
337667
337807
338021
338127
338282
338342
338375
338428
338462
338514
338719
339167
339207
339241
339245
339519
339529
339570
339639
339896
339951
340044
340137
340204
340248
340361
340369
340648
340769
340883
341847
342103
342142
342168
342212
342396
342435
342455
342516
342541
342570
342661
342814
342885
342886
342908
342971
342979
343089
343110
343146
343294
343296
343392
343444
343448
343493
343498
343517
343594
343820
343830
343972
344047
344115
344281
344305
344422
344454
344487
344727
344729
344937
345021
345169
345211
345233
345237
345301
345339
345457
345551
345568
345730
345973
346088
346310
346484
346572
346584
346616
346625
346631
346699
346824
346912
347063
347112
347122
347167
347192
347201
347415
347644
347786
347808
347847
347989
348009
348025
348182
348232
348371
348381
348390
348431
348707
348845
348891
349000
349059
349098
349123
349148
349191
349230
349644
349766
349824
350029
350052
350058
350146
350286
350392
350588
350655
350997
351108
351171
351269
351574
351724
351777
351822
351939
352067
352099
352113
352497
352523
352555
352869
353096
353199
353200
353256
353295
353523
353552
353845
353987
354101
354126
354366
354391
354410
354428
354566
354891
354952
355027
355059
355189
355252
355338
355357
355716
355730
355888
355894
356038
356119
356435
356698
356825
356905
356969
357083
357177
357237
357308
357324
357434
357474
357632
357759
358454
358465
358511
358639
358723
358731
358751
358772
358804
358819
358882
359005
359073
359553
359674
359711
360009
360119
360119
360128
360143
360143
360159
360312
360393
360453
360512
360570
360883
360995
361220
361248
361271
361362
361691
361820
361854
362056
362098
362118
362274
362287
362322
362401
362499
362515
362605
362679
362757
362995
363165
363372
363496
363843
364218
364274
364285
364407
364445
364490
364660
364702
364860
364863
364935
365092
365150
365366
365463
365476
365482
365538
365565
365577
365920
366010
366333
366369
366375
366553
366670
366862
366913
366986
367022
367174
367231
367271
367337
367483
367598
367620
367636
367957
367975
367988
367989
368055
368074
368145
368551
368679
368867
368903
369108
369161
369205
369361
369492
369713
369738
369738
369772
369839
369897
369975
370066
370136
370159
370171
370305
370333
370590
370733
370911
370995
371041
371230
371247
371419
371514
371571
371642
371687
371822
371846
372159
372182
372342
372384
372463
372559
372719
372834
372857
372959
373001
373068
373147
373197
373198
373463
373464
373706
373800
374095
374152
374336
374408
374570
374580
374615
374701
375075
375097
375179
375380
375411
375486
375840
375891
376014
376058
376141
376253
376268
376377
376389
376505
376536
376666
376705
376730
376759
376827
376934
376971
377058
377068
377145
377253
377296
377361
377382
377400
377577
377898
378048
378063
378677
378774
378803
378899
378993
379118
379186
379302
379431
379445
379769
379853
379908
380015
380035
380073
380310
380386
380441
381089
381169
381201
381369
381394
381397
381729
381775
381781
381929
381970
382057
382294
382382
382452
382485
382521
382633
382690
382750
382809
382888
382963
382967
382990
383072
383179
383252
383273
383351
383405
383409
383556
383561
383578
383713
383966
383982
383984
384005
384139
384148
384291
384411
384421
384591
384638
384747
384896
384940
384940
384977
385071
385428
385648
385723
385836
385846
385891
385904
386128
386264
386482
386496
386498
386554
386634
386650
386658
387008
387090
387446
387582
387628
387641
387791
387809
387824
387850
387922
387928
388041
388090
388132
388134
388300
388354
388716
389269
389479
389498
389588
389871
390120
390149
390348
390432
390442
390509
390958
390993
391075
391501
391651
391774
391811
391905
392199
392408
392503
392577
392765
392783
393074
393258
393306
393310
393333
393519
393638
393676
393698
393701
393777
393822
393904
393980
394008
394011
394122
394175
394503
394536
394794
394945
395009
395170
395183
395373
395404
395508
395563
395595
395639
395916
395940
396285
396295
396506
396634
396692
396754
396832
396862
396936
396943
397158
397358
397435
397436
397522
397622
397635
397698
397983
398019
398059
398092
398194
398267
398586
398603
398680
398823
398952
398982
399022
399088
399232
399274
399297
399330
399525
399535
399846
400020
400127
400152
400191
400371
400528
400612
400662
400698
400790
400818
400834
400855
400935
400985
401035
401113
401137
401183
401276
401334
401382
401654
401662
401775
402231
402238
402248
402316
402321
402407
402767
402926
403093
403157
403327
403602
403616
403638
403723
403849
403945
404018
404030
404203
404325
404336
404539
404589
404728
404738
404743
404776
404790
404935
404955
405187
405415
405441
405464
405634
405912
406060
406088
406132
406237
406300
406300
406424
406452
406485
406489
406539
406587
406697
406746
406766
406790
406808
406829
406857
407021
407138
407214
407462
407499
407559
407631
407678
407768
408231
408237
408307
408333
408338
408603
408610
409121
409140
409144
409192
409389
409453
409529
409530
409614
409715
409754
409943
410132
410191
410334
410411
410567
410640
410898
410925
411057
411199
411272
411376
411391
411712
411902
412078
412141
412168
412232
412234
412260
412322
412430
412442
412445
412506
412576
412723
412770
412906
413175
413184
413296
413370
413574
413743
413797
413966
414005
414028
414061
414234
414324
414334
414334
414428
414714
414948
414999
415067
415291
415372
415426
415580
415599
415822
415870
415912
415915
416115
416212
416445
416500
416619
416663
416682
416814
416879
417088
417651
417771
417867
417868
417979
418015
418079
418139
418186
418252
418289
418503
418759
418859
418908
418952
419038
419041
419144
419430
419441
419457
419458
419782
419855
419963
419978
420023
420218
420236
420471
420741
420786
420850
420947
421042
421145
421237
421374
421459
421665
421722
421731
421862
421888
422099
422201
422234
422267
422442
422477
422510
422635
422639
422689
422723
422788
422921
422959
423018
423076
423393
423400
423636
423743
423790
424040
424084
424129
424442
424444
424568
424727
424799
424875
424968
425090
425194
425217
425310
425613
425809
425811
425849
426049
426071
426319
426321
426340
426374
426433
426459
426564
426895
426966
426975
427048
427178
427362
427363
427526
427726
428270
428289
428423
428604
428868
428922
428948
429008
429077
429158
429168
429572
429976
430057
430277
430390
430396
430396
430574
430658
430766
430790
430842
430882
430964
431103
431142
431146
431250
431328
431428
431558
431582
431603
431658
431669
431777
431799
431928
432407
432703
432943
432976
432991
433101
433396
433445
433467
433501
433511
433533
433608
433637
433809
433977
434012
434330
434386
434503
434583
434622
434743
434899
434926
434992
435045
435058
435080
435147
435151
435259
435288
435420
435422
435651
435698
435710
435751
435879
435986
436052
436344
436433
436494
436708
436744
436925
437171
437172
437310
437329
437351
437533
437592
437757
437799
437878
437899
437982
438052
438123
438213
438276
438371
438396
438406
438490
438922
439075
439183
439323
439340
439360
439413
439439
439517
439534
439814
439923
439946
440457
440638
440659
440672
440753
440764
441075
441137
441267
441268
441279
441392
441594
441748
441776
441799
442065
442276
442377
442674
442690
443009
443078
443216
443307
443404
443761
443926
443948
444249
444388
444532
444566
444601
444610
444627
444663
444753
444856
444947
445243
445442
445443
445584
445681
445722
445928
445944
446087
446221
446288
446378
446472
446489
446637
446745
446759
446838
446901
446951
446979
447020
447062
447205
447312
447492
447598
447765
447850
447952
447965
448009
448021
448037
448114
448130
448199
448256
448398
448596
448638
448751
448834
448886
448997
449034
449039
449061
449165
449207
449638
449691
449777
449782
449970
449978
450176
450225
450270
450280
450453
450453
450483
450535
450642
450678
450741
450752
450887
450958
451117
451327
451556
451568
451624
451825
452031
452223
452247
452458
452498
452558
452773
452816
453136
453311
453503
453549
453624
453625
453727
453742
453800
453853
454129
454174
454201
454294
454379
454409
454563
454573
454887
455031
455422
455501
455752
455761
455914
455999
456235
456237
456237
456245
456265
456275
456310
456321
456442
456636
456663
456682
456788
456954
456968
457021
457041
457120
457123
457159
457364
457491
457501
457562
457684
457708
457776
457933
458050
458196
458248
458276
458313
458354
458392
458413
458448
458459
458467
458479
458664
458724
458982
459032
459095
459128
459185
459188
459240
459287
459406
459485
459533
459545
459688
459691
459961
460055
460115
460119
460158
460364
460394
460502
460635
460648
460902
461065
461323
461339
461423
461435
461520
461811
461835
461901
462286
462438
462443
462555
462597
462666
462704
462761
462870
463534
463561
463681
463747
463767
463854
463864
463962
464141
464270
464399
464423
464612
464915
465000
465104
465115
465177
465700
465720
465856
465878
466066
466201
466209
466312
466346
466438
466480
466577
466605
466715
466813
466952
466986
467102
467229
467352
467359
467362
467628
467628
467773
467795
467869
467901
467921
467998
468307
468419
468431
468550
468621
468762
468880
468904
468911
468922
469026
469283
469440
469772
469775
469801
469909
470006
470267
470370
470448
470449
470479
470515
470685
470711
470712
470790
470930
471005
471101
471102
471122
471353
471443
471455
471695
471760
471839
471937
472044
472059
472265
472339
472501
472524
472693
472738
473123
473315
473317
473347
473475
473749
473749
473781
473974
474119
474171
474423
474800
474828
474970
475021
475074
475255
475287
475300
475353
475446
475477
475682
475803
475917
476140
476354
476391
476732
476751
476902
476937
477028
477105
477206
477216
477339
477377
477396
477419
477493
477669
477699
477855
477896
477970
477981
478087
478229
478244
478274
478499
478688
478761
478783
478873
478925
479078
479199
479399
479445
479453
479473
479587
479629
479689
479706
479731
479742
479971
480036
480053
480098
480272
480287
480316
480463
480654
480757
480770
480793
480836
480994
481007
481014
481084
481134
481143
481396
481413
481416
481457
481475
481568
481628
481648
481771
481820
481911
482137
482141
482315
482334
482387
482596
482786
482878
482994
483002
483074
483083
483121
483125
483537
483549
483788
483806
483826
483926
484051
484099
484142
484167
484228
484233
484351
484473
484506
484595
484609
484724
484837
484844
484888
485048
485278
485318
485328
485347
485542
485717
485722
486290
486329
486455
486511
486541
486561
486573
486639
486695
486706
487013
487047
487086
487157
487247
487353
487387
487503
487688
488295
488298
488315
488417
488447
488523
488800
488800
488839
488887
489101
489298
489557
489576
489674
489809
489976
490144
490289
490313
490356
490648
490688
490770
490781
490826
490832
490875
490913
490932
491084
491184
491375
491512
491527
491668
491801
491874
491972
492314
492342
492575
492676
492717
492754
493004
493218
493344
493400
493414
493480
493674
493735
493948
494211
494319
494332
494361
494364
494379
494568
494608
494644
494752
495007
495014
495125
495184
495218
495242
495366
495371
495416
495503
495678
495727
495768
495793
495954
496018
496069
496101
496248
496419
496634
496679
496778
496791
496830
496985
497047
497048
497089
497139
497188
497258
497499
497554
497730
497816
497833
497884
497938
497964
497983
498129
498273
498344
498486
498551
498657
498670
498706
498820
498831
498840
498904
499119
499245
499334
499385
499413
499573
499582
499617
499661
499714
499716
499750
499757
499774
499793
499802
499868
499911
500004
500073
500135
500311
500342
500367
500418
500885
500972
501199
501448
501661
501727
501752
502153
502159
502243
502248
502273
502325
502476
502712
502724
502833
502934
503192
503206
503233
503251
503273
503299
503491
503790
503823
504111
504312
504418
504524
504540
504546
504549
504563
504618
504690
504695
504808
504848
505311
505339
505349
505615
505615
505736
505737
505990
506299
506437
506463
506501
506517
506521
506654
506683
506781
507246
507431
507538
507649
507851
507974
508008
508117
508141
508182
508243
508267
508302
508364
508728
508857
508898
509017
509339
509669
509727
509728
509793
509993
510168
510318
510321
510505
510515
510520
510617
510627
510697
510799
510874
510885
510963
510967
511066
511090
511180
511205
511291
511459
511926
512188
512217
512367
512717
512805
512949
513008
513194
513417
513623
513714
513850
513865
513878
513889
514030
514072
514178
514317
514323
514409
514535
514759
514765
514810
515029
515147
515168
515232
515317
515525
515544
515657
515996
516107
516211
516238
516690
516704
516854
516862
516868
516871
516939
516954
517281
517467
517582
517586
517670
517706
517793
517878
517928
517977
518239
518250
518304
518349
518541
518602
518697
518720
518790
518864
519063
519129
519214
519256
519292
519310
519429
519499
519638
519672
519783
519852
519870
519959
519974
519994
520250
520574
520609
520706
520792
520818
521068
521162
521400
521455
521546
521606
521660
521710
521732
521743
521880
521939
521939
522155
522162
522299
522307
522691
522693
522711
522736
522871
522936
522975
523006
523063
523112
523148
523351
523379
523614
523642
523651
523747
523836
524020
524072
524123
524331
524414
524539
524744
524799
524862
524875
524973
525004
525064
525141
525226
525264
525367
525398
525432
525665
525693
525761
525781
525842
525853
525870
525989
526098
526205
526289
526355
526494
526499
526645
526650
526686
526694
526793
526862
526867
526884
526940
527266
527596
527656
527729
527826
528163
528245
528551
528683
528744
528766
528930
528974
529085
529208
529350
529488
529498
529589
529684
529729
529766
529776
529923
530018
530092
530104
530700
530747
530981
530995
531331
531429
531514
531630
531845
531907
532038
532077
532205
532206
532278
532281
532325
532471
532609
532766
532853
532970
533000
533047
533372
533451
533499
533510
533534
533771
534069
534080
534102
534148
534313
534600
534615
534692
534734
534882
534943
534950
534995
535043
535236
535369
535485
535505
535615
535626
535650
535693
535711
535818
535855
535971
536142
536178
536187
536197
536217
536332
536343
536349
536349
536422
536671
536836
536861
536911
536999
537032
537072
537102
537256
537367
537379
537524
537564
537565
537711
537827
538040
538068
538251
538318
538349
538655
538657
538782
538792
539069
539095
539156
539248
539288
539314
539322
539334
539365
539376
539449
539542
539872
539874
539904
540188
540258
540314
540322
540333
540403
540473
540807
541029
541073
541159
541169
541209
541213
541243
541285
541455
541455
541531
541534
541626
542316
542320
542648
542682
542717
542751
542878
542940
542996
543122
543232
543275
543383
543434
543510
543593
543624
543816
543879
543880
544038
544227
544429
544461
544492
544603
544668
544943
545218
545224
545257
545372
545475
545521
545766
545850
545855
546072
546134
546404
546432
546489
546530
546767
546895
546896
547179
547297
547336
547578
547619
547652
547709
547773
547794
547999
548003
548077
548215
548326
548410
548456
548527
548573
548578
548591
548601
548636
548656
548973
549023
549142
549198
549293
549788
549838
549889
549914
549956
550139
550214
550283
550471
550646
550864
550909
550948
550949
550984
550996
551081
551146
551364
551545
551622
551654
551712
551864
551884
551909
552062
552179
552267
552398
552431
552549
552845
553034
553148
553468
553485
553671
553715
553804
553860
554074
554103
554135
554154
554199
554210
554285
554325
554537
554547
554605
554609
554627
554630
554730
554993
555093
555125
555154
555328
555367
555593
555651
555782
555862
555965
556419
556446
556729
556796
557138
557173
557219
557293
557324
557432
557620
557812
557851
557926
558128
558228
558428
558954
559011
559165
559215
559293
559405
559471
559614
559758
559766
559850
559975
560009
560170
560503
560526
560542
560569
560603
560665
560764
560769
560848
560890
560980
561007
561026
561026
561107
561289
561389
561827
561983
562060
562169
562319
562436
562445
562464
562514
562516
562617
562648
562699
562913
562928
562957
563030
563212
563226
563228
563243
563390
563550
563607
563655
563819
563910
563949
564008
564268
564529
564548
564662
564701
564705
565094
565215
565521
565772
565777
565782
565939
565980
565984
566053
566127
566134
566281
566326
566347
566394
566398
566437
566493
566499
566581
566607
566615
566743
566839
566913
566974
567360
567367
567522
567570
567906
568020
568053
568083
568117
568149
568297
568310
568319
568957
568992
569321
569391
569396
569495
569585
569663
569720
570086
570273
570418
570535
570690
570718
570921
570959
571107
571143
571381
571402
571533
571559
571634
571695
571719
571883
571929
572054
572062
572065
572070
572100
572130
572343
572433
572442
572528
572632
572742
572775
572784
572804
572852
572994
573498
573751
573799
573815
573920
574039
574131
574198
574234
574337
574434
574480
574709
574804
574813
574813
574999
575045
575167
575403
575465
575505
575574
575901
575926
576034
576059
576083
576115
576165
576261
576758
577032
577281
577337
577613
577787
577854
578032
578199
578256
578288
578449
578457
578465
578562
578718
579005
579039
579068
579126
579168
579175
579316
579326
579336
579406
579456
579617
579849
579865
579899
580288
580323
580545
580591
580639
580642
580946
580955
580988
581043
581061
581137
581203
581295
581449
581462
581485
581742
581818
581849
581901
582045
582064
582179
582222
582425
582534
582596
582613
582877
582998
583002
583118
583141
583158
583322
583346
583375
583438
583538
583910
584442
584583
584592
584683
584695
584721
584853
585064
585286
585397
585539
585639
585693
585874
586106
586138
586232
586288
586315
586454
586469
586470
586665
586687
586705
586748
586906
586929
587183
587192
587226
587398
587433
587452
587476
587535
587719
587721
588048
588072
588095
588278
588352
588446
588554
588578
588658
588708
589031
589069
589111
589180
589304
589359
589372
589445
589508
589704
589704
589904
589976
590028
590049
590087
590167
590195
590332
590367
590569
590654
590658
590802
590994
591060
591091
591153
591359
591510
591528
591636
591643
592088
592152
592164
592192
592428
592434
592720
593186
593232
593331
593400
593406
593407
593426
593460
593597
593675
593962
594043
594082
594360
594418
594515
594818
594881
594908
595064
595068
595101
595281
595297
595308
595475
595593
595655
595757
595767
595876
595882
595974
596044
596252
596444
596542
596695
596698
596753
596824
596829
596933
596999
597053
597090
597371
597596
597639
597746
597941
597992
598425
598493
598625
598755
598789
598868
598879
598922
598927
599187
599329
599333
599341
599383
599410
599425
599651
599750
599946
599964
600183
600307
600396
600542
600568
600593
600649
600670
600730
600995
601067
601141
601145
601243
601263
601309
601373
601602
601841
602083
602090
602171
602235
602252
602483
602594
602717
602742
602963
603011
603255
603365
603696
603913
603952
603960
604054
604186
604474
605213
605260
605467
605657
605663
605846
605859
606065
606094
606141
606211
606215
606223
606451
606452
606480
606490
606569
606813
606870
607113
607245
607327
607387
607430
607613
607744
607847
608031
608222
608286
608309
608311
608418
608460
608491
608530
608630
608693
608866
609095
609110
609319
609361
609462
609500
609778
609875
609876
609879
609904
610062
610109
610297
610548
610653
610818
610953
611014
611057
611239
611380
611393
611504
611651
611923
611942
611973
611999
612172
612197
612304
612499
612563
612644
612832
612884
612972
613080
613122
613400
614029
614048
614091
614340
614355
614404
614422
614637
614724
614797
615279
615300
615323
615400
615446
615499
615654
615780
615806
615829
615870
615903
615954
616062
616188
616241
616267
616385
616526
616738
616805
616858
616871
617313
617450
617598
617691
617960
618017
618216
618302
618384
618396
618477
618586
618676
618690
618844
618997
619205
619267
619441
619446
619550
619899
620073
620113
620122
620131
620190
620503
620541
620562
620620
620638
620880
620980
621162
621425
621535
621678
621838
622038
622092
622118
622166
622262
622378
622416
622630
622643
622723
622838
622842
622859
622980
623046
623256
623260
623262
623398
623484
623486
623533
623540
623575
623630
623662
624195
624459
624649
624669
624728
624813
624942
625022
625102
625136
625833
625844
625886
625909
626088
626188
626350
626391
626528
626654
627048
627320
627363
627408
627453
627487
627570
627598
627669
627675
627700
627744
627787
627815
628280
628486
628494
628558
629097
629174
629190
629309
629374
629463
629481
629673
629685
629714
629831
630001
630014
630025
630166
630292
630302
630515
630546
630571
630680
630851
630877
631092
631097
631119
631262
631387
631393
631510
631665
631690
631803
631941
632032
632184
632911
633026
633030
633032
633216
633416
633446
633625
633748
633923
633968
634039
634055
634068
634131
634466
634538
634553
634591
634691
634772
634906
635048
635054
635226
635361
635398
635474
635563
635602
635648
635859
635996
636086
636164
636554
636654
636688
636688
636699
636906
636946
637034
637094
637137
637622
637724
637801
637822
637981
638372
638555
638651
638697
638709
638717
639090
639142
639203
639385
639572
639572
639737
639764
639766
640127
640291
640347
640383
640563
640611
640655
640681
640701
640792
640875
641015
641315
641328
641422
641599
641644
641741
641745
641746
641850
641852
642037
642087
642145
642373
642418
642517
642575
642650
642966
643167
643557
643561
643821
643891
643949
644197
644206
644218
644488
644783
644788
644817
644846
644940
645002
645011
645102
645140
645174
645291
645341
645416
645734
645813
645916
645923
645940
645969
645988
646142
646250
646319
646410
646460
646523
646542
646557
646855
646870
646901
646933
647254
647261
647491
647707
647833
647853
647888
647896
647988
648353
648399
648404
648660
648757
648773
648917
649000
649009
649027
649069
649188
649203
649226
649243
649252
649271
649274
649345
649380
649392
649439
649447
649471
649495
649559
649625
649674
649851
649940
649990
650078
650083
650114
650215
650589
650787
650833
650844
650850
650921
650925
651146
651156
651173
651247
651345
651508
651552
651557
651567
651706
651710
651794
651799
651806
651865
651951
652057
652163
652337
652349
652383
652387
652683
652703
652774
652887
652906
653267
653293
653379
653550
653599
653631
653817
654113
654124
654187
654192
654415
654483
654490
654653
654694
654719
654846
654921
654966
654973
655000
655123
655155
655495
655527
655713
655795
655835
655961
656027
656419
656482
656523
656559
656590
656594
656645
656972
657051
657071
657198
657218
657237
657524
657645
657837
657859
657883
657902
658081
658244
658304
658396
658644
658651
658681
658730
658827
658980
659026
659057
659089
659187
659307
659419
659450
659477
659689
659804
659880
659901
659923
659945
660001
660019
660128
660144
660176
660230
660339
660367
660459
660510
660600
660627
660943
661045
661129
661133
661263
661443
661671
661705
661781
661839
661937
662031
662158
662269
662299
662316
662322
662378
662640
662662
662680
662693
662872
662937
662984
663020
663062
663218
663249
663295
663389
663718
663859
663977
663998
664030
664060
664235
664406
664504
664541
664688
664768
664975
665020
665154
665434
665526
665886
666060
666500
666514
666544
666611
666619
666739
667109
667116
667215
667240
667369
667444
667815
667903
667910
667930
667968
668217
668254
668290
668428
668473
668814
668876
668952
668986
668996
669249
669270
669272
669298
669360
669455
669729
669763
669926
670183
670307
670418
670521
670850
671145
671160
671227
671352
671363
671572
671588
671589
671607
671638
671725
671979
672023
672037
672053
672210
672432
672601
672719
672871
672871
672884
672923
673146
673298
673488
673507
673796
673837
673874
673876
673967
674010
674159
674218
674262
674436
674522
674557
674566
674685
674713
674892
675087
675254
675255
675558
675579
675622
675638
675671
675696
675823
675952
675989
676032
676051
676105
676137
676232
676250
676355
676492
676641
676856
676948
677031
677098
677132
677420
677421
677567
677727
678035
678127
678261
678492
678530
678543
678901
679050
679122
680030
680161
680182
680479
680533
680553
680864
680900
680951
681007
681013
681172
681201
681278
681603
681610
681743
681893
682024
682060
682262
682266
682356
682456
682697
682791
682792
683072
683138
683148
683293
683858
683879
684179
684210
684234
684251
684371
684529
684543
684709
684829
684877
684898
684933
685028
685029
685084
685320
685614
685768
685777
685832
685855
685862
686049
686357
686381
686406
686416
686467
686698
686761
686831
686840
686882
686905
686964
687086
687094
687208
687280
687339
687529
687709
687759
687830
687879
687976
688141
688198
688277
688332
688393
688402
688457
688522
688620
688724
688804
688925
688952
689027
689081
689095
689103
689277
689318
689536
689667
689679
689846
689853
689859
689923
690011
690129
690185
690245
690498
690637
690665
690697
690758
690858
690865
691125
691177
691281
691367
691379
691395
691427
691545
691574
691642
691808
692055
692068
692184
692345
692537
692569
692614
692780
692809
693023
693075
693103
693262
693531
693571
693723
693768
694039
694332
694395
694397
694417
694480
694501
694629
694676
694791
694797
694972
695064
695072
695079
695192
695202
695457
695838
695891
696121
696231
696400
696402
696462
696747
696792
696943
697158
697179
697231
697266
697346
697403
697462
697473
697484
697629
697637
697699
697757
697775
697808
697921
697998
698049
698147
698161
698181
698266
698306
698373
698518
698731
698745
698793
699185
699244
699397
699566
699686
700233
700342
700373
700386
700449
700628
700751
700796
700851
701015
701095
701150
701242
701338
701409
701741
701847
701871
701938
701953
701976
702001
702158
702192
702193
702303
702330
702850
702901
702945
703046
703297
703376
703808
703959
703971
704028
704106
704203
704220
704415
704433
704513
704594
704686
704811
704832
704905
704950
704967
705069
705080
705120
705431
705667
705716
705825
706031
706188
706248
706485
706727
706847
706922
706968
706983
707125
707177
707182
707218
707314
707499
707640
707652
707778
708080
708095
708166
708415
708526
708598
708622
708681
708691
708707
708784
708787
708841
708860
708865
709004
709418
709480
709542
709544
709548
709588
709845
710179
710557
710571
710589
710686
710743
711027
711204
711218
711280
711351
711422
711472
711487
711500
711654
711746
711771
711811
711891
711906
711960
712020
712263
712325
712361
712464
712607
712620
712718
712798
712844
712849
712961
713021
713056
713162
713457
713484
713561
713730
713935
713969
714052
714073
714079
714116
714365
714431
714456
714491
714517
714573
714664
714687
714791
714835
714847
715176
715254
715387
715407
715437
715529
715593
715806
715845
716009
716014
716169
716251
716367
716410
716423
716429
716513
716560
716624
716719
716794
716799
716876
716895
716969
716981
717026
717065
717119
717215
717527
717547
717604
717631
717914
717931
717967
718122
718187
718252
718269
718430
718448
718709
718843
718910
719039
719100
719102
719200
719292
719318
719340
719443
719458
719580
719603
719614
719820
719888
719917
719926
719997
720005
720021
720097
720173
720182
720324
720585
720697
721000
721035
721158
721256
721390
721542
721549
721584
721601
721664
721872
721975
722113
722182
722186
722308
722323
722391
722416
722532
722665
722796
722799
722923
722989
723072
723087
723166
723214
723262
723471
723566
723571
723751
723781
723788
723889
724011
724053
724163
724202
724307
724347
724379
724582
724632
724754
724875
724969
725134
725138
725150
725323
725538
725601
725677
725754
725950
726003
726155
726157
726172
726299
726344
726450
726610
726652
726878
726998
727247
727434
727518
727553
727640
727655
727676
727696
727702
727753
727762
727766
727892
727975
728048
728089
728100
728111
728121
728183
728359
728373
728460
728495
728576
728641
728730
728796
728832
729094
729113
729113
729142
729213
729231
729271
729533
729604
729788
729883
729945
729959
729968
730188
730582
730615
730756
730874
730923
731068
731205
731226
731245
731355
731458
731471
731588
731625
731792
731843
731870
731880
732181
732271
732280
732500
733354
733382
733955
733992
734052
734053
734076
734436
734436
734499
734513
734536
734854
735125
735154
735690
735788
736106
736142
736177
736263
736266
736331
736543
736602
736944
737115
737135
737273
737337
737371
737472
737491
737918
738043
738096
738139
738211
738373
738434
738531
738536
738601
738782
738876
739075
739075
739176
739303
739349
739433
739642
739657
739675
739705
739799
739822
739951
740072
740088
740168
740176
740210
740278
740335
740354
740483
740564
740583
740621
740682
740711
740765
741117
741164
741322
741405
741954
742489
742579
742628
742981
743041
743090
743124
743182
743301
743314
743363
743484
743656
743792
743811
743920
743960
743966
743985
744029
744138
744186
744492
744731
744751
744800
744877
744947
745037
745196
745575
745772
746285
746402
746453
746548
746714
746765
746808
746820
747022
747099
747123
747125
747139
747207
747326
747373
747564
747598
747658
747797
747821
747830
747841
747843
747845
748027
748081
748322
748501
748511
748513
748614
748924
748929
748942
748944
748994
749352
749359
749462
749524
749619
749672
749733
749772
750164
750312
750377
750535
750554
750588
750650
751010
751204
751272
751335
751423
751534
751563
751571
751586
751625
751632
751643
751670
751803
751957
752045
752200
752746
752815
752909
753208
753530
753631
753730
753831
753850
753917
753992
754060
754085
754285
754462
754479
754482
754551
754587
754762
754865
754886
754974
755013
755085
755129
755131
755174
755383
755390
755416
755478
755505
755800
755863
755914
755956
756090
756174
756343
756344
756502
756627
756628
756747
757004
757035
757067
757148
757211
757242
757338
757404
757466
757526
757585
757602
757716
757934
758012
758200
758259
758311
758427
758792
758802
758865
758894
758919
759017
759089
759107
759122
759720
759844
759890
759951
759978
760036
760041
760055
760117
760253
760316
760339
760363
760463
760465
760528
760741
760942
761025
761153
761235
761276
761345
761440
761555
761571
761676
761684
761826
762038
762181
762307
762588
762656
762697
763012
763103
763128
763202
763208
763293
763306
763468
763567
763575
763653
763883
763906
763935
764031
764139
764186
764311
764386
764578
764629
764683
764829
764958
764982
765067
765253
765380
765400
765410
765559
765561
765797
765834
765928
765945
765954
766027
766033
766092
766147
766195
766200
766235
766399
766412
766440
766455
766462
766597
766627
766691
766733
766998
767001
767006
767103
767188
767213
767219
767259
767283
767294
767355
767842
767894
767971
768001
768038
768324
768495
768549
768660
768695
768754
768771
768848
768980
769098
769133
769140
769183
769409
769429
769600
769655
769689
769961
769971
769981
770111
770132
770141
770290
770383
770548
770626
770727
770869
770896
770922
770928
770993
771021
771248
771370
771399
771548
771599
771599
771747
771815
771819
771980
772039
772060
772089
772397
772451
772559
772597
772833
773004
773122
773229
773270
773378
773395
773439
773496
773588
773700
773806
773832
774406
774415
774441
774465
774502
775077
775135
775265
775294
775313
775331
775369
775379
775414
775438
775657
775759
775920
776118
776190
776194
776234
776334
776545
776596
776672
776679
776697
776929
777001
777226
777300
777333
777379
777419
777888
777942
777995
778282
778300
778320
778333
778384
778416
778596
778724
778845
778850
778854
778879
778889
779088
779340
779354
779437
779489
779648
779677
779763
779819
779950
779964
780118
780122
780349
780359
780386
780475
780619
780747
780812
781012
781076
781113
781248
781326
781365
781501
781532
781569
781584
781602
781656
781845
781910
782065
782084
782136
782320
782326
782528
782767
782784
782817
782830
783003
783014
783082
783112
783160
783308
783308
783386
783604
783829
783927
783971
784019
784132
784205
784334
784595
784680
784734
784747
784765
784853
785202
785298
785356
785525
785528
785578
785843
785990
786003
786028
786095
786231
786309
786386
786484
786489
786582
786589
786816
786912
786983
787110
787130
787150
787548
787763
787784
787866
787941
787977
787985
788004
788102
788137
788328
788369
788422
788503
788596
788618
788937
789008
789200
789447
789493
789544
789569
789658
789659
790197
790451
790546
790653
790656
790824
790868
790923
790929
791094
791191
791223
791291
791312
791365
791433
791479
791687
791739
791800
791822
791848
792022
792079
792140
792146
792176
792255
792332
792381
792384
792405
792584
792615
792659
792664
792783
792790
792941
793147
793152
793179
793201
793314
793359
793376
793457
793514
793570
793586
793686
793840
794016
794089
794417
794457
794620
794836
794859
794860
794934
794988
795122
795376
795530
795560
795938
796006
796080
796173
796291
796334
796339
796415
796451
796544
796551
796633
796676
796772
796924
796986
797031
797336
797351
797363
797405
797452
797509
797529
797684
797726
798077
798254
798266
798307
798428
798650
798668
798739
798852
798963
799086
799381
799521
799657
799680
799980
800117
800191
800290
800387
800483
800521
800752
800854
801137
801179
801272
801336
801438
801522
801525
801562
801746
801760
801928
802047
802053
802094
802404
802489
802548
802583
802726
802849
802923
802929
803143
803152
803275
803367
803428
803828
804116
804259
804323
804425
804610
804639
804845
805048
805173
805191
805249
805265
805266
805582
805685
805689
805777
805840
805858
805884
806028
806064
806110
806279
806416
806539
806560
806656
806695
806854
806932
807037
807197
807198
807533
807589
807618
808023
808320
808495
808654
808679
808784
808899
809012
809069
809194
809255
809290
809393
809590
809668
809688
809948
809972
810096
810358
810387
810493
810543
810655
810835
810907
811015
811114
811303
811356
811686
811743
811967
812188
812205
812291
812347
812369
812494
812517
812570
812675
812753
812902
813089
813153
813161
813470
813471
813589
813591
813629
813771
813872
813881
814084
814115
814274
814278
814317
814346
814358
814419
814923
814941
814946
814986
815190
815300
815336
815353
815405
815439
815627
815811
815919
815949
816130
816187
816214
816274
816283
816379
816543
816592
816642
816815
816949
817061
817090
817398
817561
817580
817592
817803
817809
818055
818147
818159
818242
818285
818426
818564
818659
818822
818956
819160
819281
819304
819318
819432
819466
819953
820048
820529
820601
820612
820646
820707
821024
821075
821190
821267
821377
821420
821676
821798
821946
822017
822018
822064
822077
822130
822242
822461
822520
822619
822687
822748
822750
822770
822996
823231
823338
823400
823542
823618
823621
823774
823776
823881
823892
823909
823912
823915
823934
823934
824018
824088
824195
824324
824370
824635
824832
824912
825001
825068
825100
825217
825281
825283
825312
825340
825517
825523
825649
825698
825848
825872
825874
826000
826022
826092
826130
826190
826298
826540
826594
826621
826639
826751
826863
826889
826906
827030
827128
827173
827206
827355
827373
827393
827394
827707
827879
828133
828137
828224
828345
828413
828465
828534
828563
828563
828655
828777
828928
828935
829320
829339
829515
829580
830048
830365
830378
830439
830483
830509
830677
830878
831159
831316
831327
831371
831402
831623
832003
832027
832158
832222
832555
832560
832568
832568
832715
833033
833042
833148
833203
833244
833276
833374
833464
833501
833557
833634
833891
833951
833967
834136
834208
834453
834485
834528
834593
834710
834727
834729
834843
834849
834878
834885
834943
835181
835382
835398
835533
835831
835884
835898
835938
835954
836036
836221
836322
836531
836549
836584
836955
836959
837075
837125
837303
837389
837484
837742
837778
837809
837875
837995
838033
838096
838120
838138
838143
838272
838632
838906
838939
838986
839027
839198
839525
839601
839924
840074
840129
840194
840203
840231
840294
840294
840450
840471
840541
840828
840957
840983
840987
841014
841134
841307
841426
841561
841727
841926
841987
842038
842042
842060
842234
842522
842578
842732
842891
842914
843137
843173
843248
843838
843839
843930
843999
844314
844340
844531
844715
844810
844867
844883
844888
844889
844915
845232
845271
845281
845363
845478
845688
845723
845820
845853
845999
846048
846146
846254
846318
846527
846605
846844
846893
846942
847315
847581
847624
847676
847741
847777
847808
847825
847959
848258
848546
848567
848656
848721
848731
848858
848938
849169
849226
849349
849392
849406
849484
849539
849656
849737
849753
849912
850064
850306
850342
850348
850356
850531
850568
851111
851145
851249
851445
851463
851749
852180
852302
852321
852443
852447
852494
852506
852697
852756
852762
852787
852867
853007
853031
853071
853139
853233
853441
853546
853717
853748
853790
854191
854300
854385
854573
854728
855038
855048
855166
855279
855345
855347
855388
855529
855676
855785
855866
855867
856328
856362
856463
856471
856489
856523
856618
856672
856847
857250
857496
857568
857828
857842
857868
857922
858031
858048
858055
858060
858079
858195
858223
858387
858612
858618
858821
858966
858984
859397
859493
859678
859685
859700
859707
859718
859727
859920
860004
860131
860272
860302
860429
860491
860551
860596
860709
860768
860940
860965
861058
861147
861195
861287
861346
861491
861518
861550
861594
861627
861722
861747
861920
862035
862071
862146
862348
862596
862698
862909
862954
863010
863187
863247
863265
863369
863562
863700
863860
863861
863920
863977
864058
864061
864082
864297
864302
864340
864370
864457
864512
864616
864656
864754
864859
864863
864882
864937
865063
865379
865443
865448
865520
865656
865689
865715
865816
865834
865872
865973
866112
866248
866276
866280
866523
866528
866696
866906
867004
867065
867242
867364
867421
867451
867503
867740
867791
867820
867880
868028
868148
868168
868507
868511
868569
868660
869347
869511
869517
869633
869736
869913
870102
870107
870203
870217
870283
870404
870482
870487
870502
870530
870618
870711
870826
870941
871115
871263
871520
871530
871535
871540
871587
871813
871833
871900
871932
872078
872235
872249
872360
872469
872559
872574
872848
872861
872967
873010
873037
873264
873496
873579
873598
873605
873668
873752
873926
874021
874256
874275
874288
874338
874388
874397
874582
874663
874802
875021
875150
875186
875195
875269
875309
875472
875573
875600
875613
875626
875713
875729
875736
875793
875867
875870
876087
876224
876469
876566
876669
876714
876812
876900
876978
877091
877105
877242
877465
877685
877762
877878
877928
878064
878268
878310
878394
878626
878723
878918
878938
878957
879049
879187
879287
879290
879548
879625
880061
880242
880242
880268
880397
880479
880484
880725
880769
880801
880966
881165
881339
881353
881619
881814
881853
881865
881888
882069
882071
882091
882127
882233
882282
882299
882318
882319
882409
882585
882750
883476
883549
883801
883847
884173
884179
884210
884240
884302
884309
884360
884455
884489
884557
884658
884726
884799
885219
885260
885260
885333
885421
885498
885512
885569
885890
885962
885976
886197
886251
886283
886298
886483
886516
886556
886824
886863
886866
886917
886953
886979
887009
887014
887051
887112
887139
887212
887344
887369
887450
887532
888014
888053
888095
888372
888479
888484
888543
888771
888858
889077
889234
889356
889549
889627
889654
889683
889684
889738
889755
889758
890022
890216
890306
890500
890790
891161
891214
891240
891297
891334
891399
891471
891609
891773
891828
891919
891973
891975
892109
892180
892252
892256
892286
892307
892617
892706
892731
892800
892863
892885
893282
893298
893520
893589
893756
893901
894094
894161
894218
894324
894418
894523
894578
894616
894657
894670
894924
894954
894963
895118
895124
895139
895188
895189
895270
895409
895437
895444
895471
895523
895595
895800
895890
895920
895967
895970
896308
896370
896449
896626
896671
896930
896963
897026
897114
897176
897471
897535
897616
897788
897838
897946
898035
898283
898329
898497
898632
898764
898792
898829
898903
899083
899534
899541
899551
899713
899744
900003
900097
900246
900258
900599
900621
900631
900718
900720
900738
900821
900853
901039
901214
901251
901323
901351
901368
901924
902037
902234
902377
902511
902545
902667
902704
902828
902828
902955
902990
903066
903290
903329
903369
903488
903499
903526
903559
903572
903670
903912
904187
904199
904436
904460
904506
904673
904797
905177
905275
905291
905343
905385
905549
905571
905571
905779
905820
905911
906004
906005
906038
906103
906173
906185
906274
906342
906353
906442
906547
906740
906812
906887
906922
906935
907072
907087
907331
907356
907518
907542
907602
907752
907883
907947
908259
908496
908504
908791
908890
909091
909128
909252
909371
909463
909873
909880
910294
910301
910537
910872
911084
911089
911249
911332
911449
911552
911658
911705
911790
911801
911904
912019
912209
912249
912460
912486
912509
912807
912813
912945
913141
913151
913181
913199
913223
913275
913275
913335
913368
913372
913487
913561
913718
913908
914264
914343
914378
914456
914479
914484
914693
914726
914938
915088
915121
915223
915266
915423
915507
915611
915625
915684
915767
915808
915837
915903
916378
916437
916455
916535
916767
917046
917267
917311
917383
917447
917593
917626
917643
917646
917767
917922
918093
918105
918123
918319
918340
918428
918515
918578
918817
918840
918989
919228
919457
919503
919608
919644
919660
919703
919973
919991
920011
920069
920166
920174
920207
920242
920286
920397
920539
920540
920549
920662
920845
920997
921023
921027
921223
921355
921618
921650
921653
921725
921807
922119
922217
922239
922262
922267
922455
922669
922822
922846
922920
922923
922998
923047
923103
923128
923163
923164
923233
923312
923377
923451
923472
923708
923724
923977
924203
924272
924280
924327
924479
924525
924604
924773
924784
924870
925037
925136
925195
925210
925391
925445
925452
925524
925557
925723
925780
925837
925868
926099
926139
926143
926189
926437
926673
926777
926802
926845
926879
926930
926947
926999
927056
927220
927325
927480
927638
927661
927808
927832
927925
927931
928247
928328
928377
928408
928419
928460
928475
928497
928630
928890
929038
929070
929191
929259
929263
929347
929406
929452
929504
929575
929717
929804
929915
930098
930122
930180
930193
930238
930283
930429
930542
930706
930870
930877
931069
931136
931212
931673
931674
931836
931839
931945
931958
931967
931996
932074
932157
932185
932223
932324
932403
932408
932423
932448
932533
932539
932552
932710
932750
933089
933097
933117
933162
933178
933276
933326
933354
933485
933529
933613
933704
933767
933886
934050
934073
934105
934173
934479
934485
934543
934550
934711
934948
935142
935161
935161
935170
935225
935233
935283
935287
935419
935492
935567
935635
935672
935796
935938
935975
936045
936119
936120
936147
936388
936402
936560
936617
936658
936666
937051
937374
937512
937550
937732
937850
937870
937922
937926
938081
938311
938365
938412
938510
938627
938649
938698
938723
938730
938794
938798
938815
939120
939211
939387
939421
939435
939740
939761
939882
940026
940041
940198
940238
940255
940376
940519
940532
940779
940946
941097
941297
941421
941450
941538
941854
941875
941922
941935
942006
942069
942184
942224
942456
942523
942553
942943
943034
943113
943169
943276
943277
943495
944218
944549
944727
944821
944825
945076
945077
945117
945123
945229
945389
945390
945439
945454
945635
945792
945798
945805
945831
946047
946072
946087
946281
946306
946499
946663
946800
946814
946945
947030
947193
947239
947248
947496
947506
947534
947571
947613
947774
947784
947880
948105
948124
948327
948383
948569
948857
948934
948997
949015
949105
949193
949351
949469
949578
949618
949666
949931
950010
950213
950575
950785
951069
951289
951303
951379
951386
951620
951922
951945
952289
952351
952379
952493
952655
952702
952726
952749
952779
952789
952802
952824
952842
952862
953183
953281
953794
953848
953911
953949
954051
954052
954104
954136
954243
954291
954300
954304
954340
954368
954552
954617
954641
954767
954799
954950
955055
955164
955472
955507
955509
955533
955740
955785
955866
955920
956198
956267
956297
956437
956454
956559
956598
956631
956963
957054
957150
957207
957363
957575
957653
957948
958013
958060
958078
958090
958103
958137
958140
958153
958247
958361
958716
958937
958941
959179
959226
959261
959431
959444
959451
959508
959520
959699
959952
960009
960090
960130
960155
960209
960318
960403
960430
960540
960557
960621
960672
961047
961202
961754
961840
961902
962061
962098
962347
962354
962476
962491
962496
962542
962856
962874
962883
962902
962931
963340
963470
963492
963540
963827
963844
963941
964103
964162
964370
964603
964655
964719
964758
965248
965343
965367
965517
965520
965581
965604
965632
965835
965914
965938
965940
965951
965983
966021
966383
966392
966400
966402
966476
966488
966690
966732
966756
966776
966981
967060
967174
967273
967565
967711
967751
967893
968148
968254
968283
968371
968390
968450
968715
968907
969086
969090
969249
969284
969332
969470
969498
969621
969680
969819
969942
969999
970035
970077
970196
970381
970398
970440
970441
970510
970579
970918
971330
971423
971639
971689
971973
971983
972126
972138
972165
972191
972210
972218
972642
972671
972927
973040
973256
973446
973607
973644
973882
973918
973975
974007
974068
974114
974249
974536
974644
974730
974885
974948
974990
975014
975070
975086
975087
975184
975259
975847
976127
976128
976200
976269
976269
976404
976406
976412
976477
976627
976813
976907
976937
976967
977025
977137
977165
977280
977313
977568
977575
977588
977853
977886
977932
977971
978060
978165
978165
978183
978223
978338
978356
978660
978885
978925
978970
979102
979225
979234
979262
979269
979339
979367
979396
979400
979541
979667
979914
980051
980083
980192
980230
980258
980292
980444
980783
980801
980850
981283
981359
981375
981424
981598
981658
981672
981770
981926
982092
982505
982525
982611
982726
983053
983074
983215
983366
983368
983442
983547
983746
983788
983865
983867
983939
983958
984285
984300
984314
984339
984360
984436
984572
984660
984699
984748
984803
984837
984865
985132
985290
985370
985393
985480
985544
985594
985601
985613
985749
985792
985861
986045
986050
986067
986070
986296
986406
986619
986660
987002
987320
987368
987533
987688
987751
987830
987851
987873
987935
988019
988158
988301
988479
988515
988681
988900
989106
989162
989272
989281
989286
989417
989756
989811
990132
990248
990249
990292
990299
990414
990489
990749
990805
991013
991032
991440
991651
991739
991856
991948
991985
992003
992050
992176
992198
992220
992301
992355
992572
992584
992723
992873
993030
993092
993187
993267
993499
993535
993615
993628
993983
994132
994246
994615
994654
994702
994827
994896
994956
994992
995003
995090
995366
995467
995576
995605
995687
995800
995816
995973
995979
996022
996350
996488
996560
996668
996810
996819
996926
996969
996985
997009
997283
997407
997507
997509
997607
997667
997689
997764
997939
998064
998119
998138
998392
998628
998681
998732
998878
998995
999004
999324
999335
999439
999447
999591
999980
