424467
367810
432334
161116
958463
180400
796843
738054
353779
949353
2800
653111
886271
543878
917998
302143
209029
648734
924884
732604
277604
342335
844170
841137
408382
445133
282943
342827
559354
146032
654141
46557
453369
212072
492452
34162
878084
200364
361747
253501
306525
829684
28376
596087
471522
820047
478228
461879
755332
232217
359951
73063
337236
747401
60061
985133
205542
740919
536053
920461
50790
149323
586765
893659
56331
451018
796787
648410
133543
376444
117966
724546
367352
53994
820793
968933
127004
443585
452529
835581
980778
301200
781137
443494
126075
537832
130818
686211
960287
747220
467392
933601
130226
914926
778287
39194
215923
300969
170074
765015
602914
545305
643329
201949
74742
753431
773696
19358
798729
789667
780389
666431
909410
107215
233944
908898
784753
847451
18911
790494
985946
80240
376918
437738
283066
766691
71289
453775
652333
718756
834690
68719
981668
311300
528926
754587
898063
714678
11637
765374
787747
924826
391010
973632
677939
831631
319727
435374
225232
932133
212445
861205
297401
903123
745091
956595
840712
372219
469457
271117
384727
562703
395288
684414
143937
459535
353480
678914
120611
455207
445132
204898
701875
990655
268296
713462
725898
643856
906457
417699
618489
383846
789261
830853
919945
326513
850607
189954
998807
173839
782577
55574
713108
56184
295356
463975
314036
68648
244918
232444
782527
588587
747706
257050
651198
14623
217197
983343
545234
616382
188997
133837
213568
299092
943224
851333
447182
196003
98729
160123
519005
203364
741545
311713
413961
297319
568939
843776
651839
211237
259901
261321
457470
196365
407295
607289
209115
502324
656174
219826
184591
858506
328379
966568
448745
254310
721313
767455
171619
192040
897162
111351
707200
860028
179498
29128
819293
375656
244848
271558
618105
71059
18364
85199
950805
992032
461705
516015
488110
822760
266147
865020
961911
407151
917436
408354
261968
399005
444947
156945
652126
499872
233838
794315
253266
991172
493580
478810
489732
8223
758725
511673
7721
249074
451610
970257
444520
668606
874870
711840
430119
338345
409844
986079
463582
116166
778414
623656
658905
497540
926662
39756
81485
517984
736582
255395
888106
279858
601679
940712
735872
229396
885972
585374
207583
444129
413837
30083
12736
252528
436606
292345
510045
355814
944208
733034
110448
710046
915426
927897
15346
5340
883463
389655
721962
512470
895580
761625
762453
238390
931831
156860
137249
851095
204123
979218
783035
692822
612635
309336
108645
640816
749400
764833
643189
940379
513677
998625
954030
432435
960056
397187
217825
374601
1331
652823
141171
156845
90874
673352
779331
319026
34672
853613
132631
788397
448933
659333
997896
187241
665507
804248
234045
476382
127478
765074
883801
733891
124266
823863
162650
117194
174866
807633
793369
625846
776387
785616
606324
884974
731552
462615
99325
925279
476934
19252
184896
718962
325750
490679
375536
530783
150504
725397
113337
867702
880479
700131
10367
220688
819414
554518
382938
222
993490
707519
901210
406899
573136
815751
663121
435180
511563
540841
98052
506418
454235
843474
211055
613939
156853
12173
630865
840703
489784
580598
944366
553914
65775
91287
273124
909738
192763
511784
431232
165047
743243
847089
990721
404811
526454
813626
545543
634070
695370
83205
227952
946701
4916
398349
802363
887916
53575
793288
957947
963497
785314
440114
918272
44750
546662
84309
880113
378649
994956
895005
923687
686916
32551
281931
914321
353424
957227
998371
779123
998221
630208
320394
174172
879008
644404
142291
59436
764781
242497
129166
630680
543348
78316
791330
958227
247730
53345
223641
860349
334125
626463
390154
947185
968008
862497
636206
845492
690290
882721
212211
263842
893708
44188
868503
876123
725929
788175
740190
445200
957157
244591
341981
356735
515752
617228
33433
466724
887039
887199
261370
826322
365620
191554
273947
928585
306178
850318
644089
561497
710372
799461
813173
945987
891327
915828
823424
225117
377465
252206
244584
102604
182962
938827
929573
175387
825676
274313
73996
338440
35462
186033
473660
258501
982498
948534
641986
877313
298545
734640
171773
574846
274386
998960
267442
886022
22158
297863
722893
354808
90383
392183
599368
419720
883850
865677
969373
156064
69856
454588
163019
882284
863039
374315
782485
340528
97548
756634
609643
589088
297724
62184
837313
87592
354834
329564
433040
414516
697962
73633
780511
75059
247338
70933
86875
839892
434876
891525
491385
692560
961837
773981
631249
143089
275548
436725
605412
844765
150420
587927
321432
923527
492844
993618
809751
143618
570237
635888
376060
340893
442857
792387
677300
262010
14562
721060
851963
121835
385081
526829
462415
268992
989193
315545
552738
838182
891647
411745
883005
820249
665830
389887
90061
421178
357376
423088
927631
744848
209457
548137
166922
954394
298337
634328
651942
764863
330143
720332
1436
243177
592872
840690
747497
918225
214330
798888
213382
616651
440028
335139
651307
579939
314190
377886
41458
380720
191322
207167
199090
640320
853704
909378
977375
701585
205284
845226
561387
125495
468347
87284
128432
815828
162763
522613
565101
682288
342165
962
887205
457382
636478
206406
851991
173813
427463
753423
710334
457667
631675
976738
515769
621288
982633
628721
126945
693784
705341
898312
660539
130883
611821
752732
641225
537303
959620
449707
881492
578327
136677
951659
752520
505926
241154
740202
897756
263944
779750
491539
751126
477910
204313
535577
33587
475124
673206
903903
652988
871666
13577
348215
703318
204826
711685
474415
366372
115034
409929
414027
389307
995537
171413
953660
582170
523346
255618
816824
39926
975621
388658
893187
234994
449879
615444
102726
794444
572948
564368
602226
762220
544424
956106
834316
641044
19716
685011
436177
892672
305376
686180
18776
622534
582665
135297
957611
921566
143428
357198
968538
477500
606342
931767
897380
264679
717470
521379
532520
437006
302220
375051
260529
945434
304398
610314
583234
143223
713449
471140
556587
360540
763440
911439
295257
394221
261064
676954
699470
22704
758022
280343
208479
462966
850108
646327
786796
195597
398684
343235
525076
228421
268259
529574
249951
648332
969298
123809
895501
5899
531473
785875
105566
88283
578884
613344
283751
639476
955509
358801
47226
124508
516542
130572
348372
33560
123567
568551
651431
435859
218212
489767
511526
353375
472202
753447
652560
887020
573720
226037
763487
698547
57061
776522
260765
762088
195970
973723
460236
321054
715035
894085
141091
191423
120250
454102
821732
864440
866065
467677
781833
881881
903350
649520
687318
204453
985356
321690
963731
961707
225493
878972
36482
121478
460420
721372
180055
297744
581985
633836
261391
124445
519352
8776
390501
107526
464345
509718
966346
737983
457919
890680
867496
666377
739502
589579
203635
387873
111223
296423
901871
213355
234233
47071
426305
545653
708717
408079
945111
954430
95389
72975
493916
954682
651291
342563
130655
581480
