539322
746808
561983
343294
905911
335894
198433
819953
606141
533451
127925
203124
599750
59154
524973
979234
763012
657837
946047
678530
538657
764386
751957
573799
920166
56995
667240
23763
706188
18886
445722
172220
463747
585693
864457
878918
174424
310333
460115
227039
656027
222680
266153
722308
337666
400371
497833
495793
960090
856362
886866
962354
419963
369361
688522
1284
62780
569321
906547
885962
106666
641852
318362
86075
428868
205300
888543
792332
807589
838120
776596
526650
960130
583322
878626
665434
130909
391905
285334
631387
543510
407214
524744
731205
43233
968390
642418
573920
466201
782830
678492
523006
738434
581849
537827
514323
702158
915684
661671
509728
523112
350997
675254
717527
765067
192862
145995
25700
290834
574480
283162
871535
280833
143924
371041
981424
972210
697699
268734
201676
961840
240853
792384
885260
920662
579168
88382
410898
266894
14428
896930
775438
412260
770922
962476
833244
285947
655495
35220
31267
340248
156369
623533
383982
173423
718122
925780
315143
118669
261934
747841
785202
264611
766462
41545
794988
522693
412906
871587
586687
394122
284055
536187
247991
719318
935161
945792
757004
267697
387824
255880
936388
543593
419782
804845
895188
384940
605213
685614
719200
333258
35570
107298
634553
949578
514759
421888
197776
542717
924784
924203
665154
183562
872559
348381
88611
824018
559766
265261
334572
566437
924272
662680
624459
879287
215285
415372
668986
740072
155491
34464
542751
891773
526686
496679
552398
900738
557432
231927
346616
128506
580642
999591
784205
506517
530995
434583
328838
257632
550283
114387
284054
606569
891399
478783
608222
395940
782084
430766
427048
674557
467773
991739
394794
893298
743314
73700
743041
763906
152635
404728
568992
565980
558954
391651
897788
381781
772060
189574
551654
299792
97335
271240
954304
955509
520706
724011
167255
976627
44476
633968
497258
894954
497554
965367
260703
328075
590367
240116
788937
438213
787985
770869
968371
908791
985480
823934
826906
201110
895890
153772
777419
438396
639764
67752
691177
572804
119124
806854
197188
656590
444856
339245
891828
182490
89960
19838
142303
435751
473749
60702
902955
216710
361362
197971
681893
465177
134438
414028
779819
863860
911332
669249
86472
358465
964603
166247
44206
449978
747797
955055
319203
904187
655713
981283
332260
470449
560526
757148
95391
64346
547619
415915
26424
386482
298330
368145
589359
822461
589111
210124
120299
616062
119933
286219
566974
864061
521880
460394
600396
89390
487353
221282
213871
328993
379302
393698
365482
131717
938412
758792
551146
775759
163287
925557
540314
566398
400020
172660
441279
672432
152157
564008
204460
932074
145865
577281
938627
818055
459961
587719
222987
12624
701871
299031
823774
390432
754479
740483
708080
206278
60888
984865
346088
596933
216867
570718
534950
972218
159084
141619
620113
849406
367975
943034
761440
321236
554630
176182
737491
601841
730582
761826
588048
541209
991440
358772
160874
98923
164539
898329
352523
811015
653550
413296
981926
349230
216473
600542
901368
605467
289939
117542
51052
285359
838096
618997
234370
422639
814941
32767
775135
780747
60624
49733
790824
757466
545224
722799
765559
272454
504690
667215
473317
798254
181137
694332
691574
536332
220899
745575
419978
232558
684877
130413
181628
751632
869511
587721
943495
236
772559
984436
124545
897026
720324
965914
548601
660176
963827
38600
27852
217885
634131
305799
281878
357632
765561
238685
103529
15300
828563
716009
529498
826594
826621
734053
736263
912019
246022
833967
167310
510885
806416
43090
757602
52156
934485
103238
237691
690129
107372
317493
655000
303159
147395
720697
387850
947030
560503
382485
928497
320027
435420
240620
887051
295390
645102
533000
630302
831623
289152
314707
409192
825100
638555
572343
575505
285245
349059
212648
458196
358804
787130
600670
76850
421459
429572
748994
686049
194595
866276
439814
615400
722323
38144
714664
431328
727892
706968
219944
610109
516871
241886
783604
628558
406452
287059
26338
447062
895444
311273
872861
487387
973918
506521
11024
958013
302210
115828
760528
671979
941097
906173
997667
450752
835398
350029
633446
536861
447850
712325
36872
728832
548636
823776
310128
814419
995800
244264
861058
300384
666619
658681
421722
778850
109992
565521
684709
884799
11172
73252
713457
830677
73111
778384
340648
729271
624195
861594
743182
332462
641015
110105
35857
27314
508364
225663
100216
152546
496778
807197
717547
418289
547179
842522
348891
650083
186668
454129
825872
933767
363843
997407
38648
701015
783829
214962
786484
438123
872360
777226
739799
94878
675671
380441
632032
366670
757934
234286
14189
752909
18154
1986
973256
216417
630515
293892
976477
124646
543624
618216
476902
303975
728460
534069
555593
721664
167307
537524
756502
401113
954051
379769
869913
794089
174822
9631
769429
196411
259281
13224
102419
993267
422959
219833
920207
926802
566913
779648
965581
707499
490770
955785
34535
27279
574709
28943
547999
478761
782817
231570
907602
605859
832715
97883
148109
119364
619205
918340
376389
926845
796772
564529
406766
513889
993615
171953
91747
428948
750164
594360
22559
620541
139830
88326
55018
329152
774465
749619
905275
935170
295487
117487
577613
291009
555154
164968
377382
20351
480757
559471
235700
756174
382809
366553
741405
563607
106007
549838
762697
604
189106
756344
23587
351777
976127
220964
318466
376253
471005
781113
6490
789569
273230
326061
362515
243572
145036
692537
674262
499793
606870
42861
191665
894616
689103
508141
615446
796173
762038
439340
312992
410567
864937
873926
788004
765410
925452
852302
308176
326725
762656
445944
88498
952289
383179
697403
371846
749359
57270
960318
685855
865063
474828
194919
590167
845820
575574
458392
475353
338719
474171
243575
941935
61711
729968
861195
102222
404325
804639
637622
401654
736177
28742
576034
141490
576115
582596
696747
622643
526862
525432
163601
788102
727676
458248
135208
317522
382963
960540
535693
227872
722989
821676
816379
155876
181254
599651
985544
328092
346310
129269
499582
826022
258268
238061
407631
304823
747139
697757
651806
83888
616526
765834
317792
867242
9441
819318
672884
46190
208936
19873
826751
450741
771370
204502
662031
724875
564662
510963
660001
853441
178517
870941
589704
958060
148630
19441
370590
697179
627363
446745
786231
644783
565215
540188
863187
266480
387090
741954
188269
418503
29246
963941
396862
235888
954950
527656
309993
648660
614797
644206
357434
874802
698049
833042
629673
69524
296949
513194
983865
40986
220990
918515
15032
872848
475682
894094
212896
118030
758427
264912
174168
623662
616858
459185
786816
356825
525226
261794
273848
308665
312527
769409
215200
54469
46399
407678
868168
644488
35003
82024
569396
976404
80219
559975
826130
355894
14688
249603
466438
433396
56679
580988
77600
820646
75558
861346
579005
434386
537564
222254
798077
430057
609500
455031
992723
123966
955472
33292
929915
98487
176002
671145
382057
323423
588658
865872
782784
427363
429077
543275
34769
740711
278740
205930
553485
600730
858223
479078
185516
290887
295548
971689
954552
155942
437172
489674
657859
911084
716251
749672
259988
510967
457684
210753
709588
33930
822520
374570
126066
189301
405464
396295
25396
641745
925837
757404
910537
571402
216360
360995
842042
731588
805685
882091
58842
414999
893520
333079
562699
160665
918093
914726
215105
367174
68228
443926
263981
484099
852321
888479
264116
256423
106900
914693
53807
840294
189864
309289
583538
209596
765945
926099
765797
223533
403616
23804
779088
57981
197876
83484
881165
570959
4478
466480
140348
137119
200963
379853
311473
69
288449
751571
812902
644197
903912
551545
291374
814278
129769
816214
365565
439413
729094
842891
431777
51438
568053
422234
193573
398267
873579
2691
482994
412232
270045
580946
262608
299436
886516
794859
815336
982525
348845
502724
523148
479587
705069
422267
390149
112661
684234
670521
324003
235050
443948
400855
55030
116278
492575
348009
476354
892731
697346
615870
116917
641599
33837
882585
264853
76215
514178
962874
964758
783386
767842
825283
700628
141201
868148
948327
960621
252087
275814
681201
484609
243370
298783
430964
653293
301146
190138
328969
886917
753530
519994
889755
311441
667968
763468
536343
21627
638651
702192
6084
234647
355189
720585
535818
848567
570535
783160
164567
156579
508243
6967
697998
581137
216363
894578
27441
571929
470370
209923
744492
426319
378774
791191
240056
211601
248881
865520
240571
13331
437592
347847
840194
65605
79423
516107
759122
49481
398092
290791
496634
499911
140292
432943
501448
223193
2649
479731
376971
82634
63138
202232
925195
377145
627408
584721
134976
400698
481007
833557
586665
397983
931136
206700
873010
947880
866528
54763
630680
393676
846254
458459
633416
557812
412445
71992
819432
52970
823231
277443
781248
985132
128216
291893
195119
267197
232267
514409
966981
80926
481568
876224
211062
212138
316597
600307
577787
383072
693075
187317
81152
287960
677421
692345
926673
987533
977568
618586
217992
602717
49763
646870
539904
760036
689679
326925
78341
684829
659419
678261
355888
796334
935796
458664
801438
234675
918840
688198
203157
158433
929347
236573
738096
539314
491801
234864
70741
929191
418139
184393
818659
216001
239984
346584
11900
123348
441267
992572
167401
448037
729945
658304
637094
103612
819466
721390
195694
676355
885219
433608
36391
940198
761025
539288
123410
222186
428922
970077
717065
305104
48310
106365
773832
17331
134100
909463
287201
861627
984803
465720
102853
945439
42495
59994
870530
92468
664030
318155
930193
65398
481771
968907
136989
548578
779964
779354
805582
374580
536142
903290
15862
722796
232667
850064
343972
172712
615780
900097
590028
45686
297107
587226
437982
660459
475287
265132
421145
944821
24999
285638
966690
812570
477699
422635
517467
846527
996969
507431
290523
978338
462286
851249
994246
398603
954340
929070
867421
23967
458479
994896
234565
158703
716367
920540
896370
99123
526867
248623
328240
88111
502159
929717
766200
776929
804425
109072
937051
543383
770383
81631
525853
972126
274396
488839
589904
603960
783971
395563
504540
973607
329020
61475
859493
364490
728121
338342
387922
227929
126085
539334
549023
792022
83640
913275
725754
96133
248639
186115
391774
671363
392199
345169
687280
99829
768324
502476
671352
53500
482878
127107
448199
781656
899744
571695
171013
975259
935567
269656
483074
466346
861147
266326
729113
416115
798852
17055
240115
868028
250678
799521
923977
918123
484595
864340
404935
699244
297868
581203
616385
406485
65291
482334
833634
681278
962061
311142
631665
618017
195405
721542
334595
388354
932324
535236
776679
626188
422477
662693
990749
163229
234972
174973
13101
919503
100294
367957
540258
224737
914479
342168
100445
305750
210190
382690
477493
546767
368679
124034
72775
51201
347201
32598
225762
190824
316416
746285
393333
698731
219785
647254
318068
93634
376377
223185
651156
801179
648757
694039
274663
329566
974114
563949
608530
291854
954291
804259
894161
448009
230866
675638
654187
640127
846844
409389
422723
878268
886483
869736
197052
128663
188172
532206
984300
900003
190047
498657
84784
353200
922267
120459
377400
281700
351822
887014
152507
146171
349766
40491
731355
314811
414324
711351
704513
197450
751643
394175
138255
174896
298479
882233
129333
441594
346912
985290
852756
335042
194608
738043
510321
976128
611014
103477
353096
930706
714431
423076
231747
575403
607387
297067
806110
476391
962491
79365
271547
900718
178983
393519
983074
933097
900720
922822
523614
277730
509727
649069
628280
586929
394536
58084
141708
886556
739675
126330
948105
323452
210393
227220
519063
518602
721584
175443
19450
355716
681013
671589
844531
298238
364274
690011
958103
504418
544492
446838
532205
898035
869633
773229
983958
975087
354101
52416
121499
47422
651794
907356
894218
384421
483926
719039
133413
295860
98082
984748
234911
220580
115257
603011
610297
99188
572070
922920
776672
767971
545855
277353
754865
409614
883801
326295
508302
675255
880484
560769
567360
757585
959952
346631
473974
97282
716624
500135
294152
834593
820707
536422
705080
928460
162258
160639
328646
686381
864297
342886
362118
826190
725677
108673
342455
319024
792783
797351
785578
255263
936560
754482
182622
708707
339167
520574
253608
798668
517706
109069
139995
739705
783112
287377
816283
308410
298000
875736
277850
6569
450535
485318
635361
931673
24183
778320
75517
945635
21814
168222
607327
484228
469772
799657
39520
957054
545257
124503
554285
900258
152610
243176
981359
178176
128682
673507
13636
659923
534148
540807
304569
219988
362605
617960
344115
680533
621535
964103
87080
262069
822619
987320
369205
994827
543434
467795
986660
82413
228406
288588
180484
430658
781076
732271
500342
425194
159806
433501
714573
951945
19792
766733
902667
712607
19924
859678
737337
539248
138899
287414
87837
709548
825068
739075
410640
184636
385723
467869
134949
906038
560980
988681
170153
927931
571143
388300
351171
734436
927480
326177
58466
404336
296196
822017
753992
752815
342885
359711
418759
467229
754060
339570
935419
625886
493735
296198
656645
347786
61116
663389
873264
121230
855785
136578
355730
380035
608309
727247
732280
446288
354391
761345
502325
44077
875867
802047
631690
544668
628486
667910
911705
61254
406697
383409
65780
312959
270373
476732
12928
789544
3912
300288
207359
952789
515168
601145
239705
435080
259733
124316
807198
925723
787548
196431
446901
711746
115124
714517
675558
142807
432991
837389
559614
460158
650215
221761
709480
350392
915837
143838
541169
940532
382990
959179
108628
932157
393904
377296
221433
770896
109053
208758
318413
634691
45360
904436
461323
876087
780359
667116
870711
676948
586470
188522
233159
828935
33236
914343
987751
519672
369738
327840
873752
312728
559165
163252
882299
717215
291910
997507
396634
154604
169232
761555
319297
192334
456321
749772
7276
474970
57521
627598
82165
517586
778845
271193
403638
607245
485278
24807
906935
809194
944549
769098
416682
13079
593331
294793
697231
49327
20714
792584
34143
789659
936119
475255
729788
840471
697266
44569
278074
242123
192686
592192
499774
661443
843173
764958
456275
236008
318541
305383
874275
107315
806539
797452
55305
210136
157253
936658
708166
520609
572130
834727
603255
50632
150203
573751
606813
375891
417771
651508
606215
169465
977588
657218
640563
437310
153517
809590
722416
920286
135312
504563
657645
400152
190403
672601
983215
35041
88295
508267
369492
678035
126627
227473
334720
954641
931945
88144
126093
995467
575465
410191
860965
860491
22175
579175
797726
174359
365463
822996
583118
788503
840203
165665
790929
189682
656523
986296
519214
806932
379445
662299
896308
548527
802929
691395
662662
747843
517670
662316
516238
230990
965520
547578
976937
481014
279879
583158
136474
914264
579849
17370
975070
497884
197887
728111
766033
793179
886283
517878
320260
76686
431582
61082
716876
684898
726172
775414
83995
615654
513865
572054
325439
874256
519974
712849
610062
55933
592720
412430
752200
649625
859718
773496
969090
964719
62272
915611
411376
657051
213761
521743
482387
440753
536671
135095
450958
79093
295889
558428
11533
914378
638372
411272
113410
563228
695202
956963
590654
801272
442690
470930
793314
550864
164849
563212
471443
399232
855867
407768
336978
621425
873605
946499
122044
834843
513623
266836
385836
860940
704433
501752
736106
502712
647707
772089
810096
708784
695079
47230
855676
232490
731245
324666
12572
110490
23540
663998
505615
208690
259622
978223
3941
766455
116796
728373
613400
901323
817592
24232
146681
305049
207434
149427
855347
292109
82334
205392
964162
323041
590049
997939
834208
717914
381775
276670
529350
586138
39721
593232
979400
5174
303900
669360
259053
630014
487086
979914
770993
406300
452223
697158
976813
816274
4987
496018
843248
176179
194360
163724
63810
922846
611923
547773
483537
254524
654846
1515
609319
277371
87777
792255
931958
843137
138968
766235
611942
242982
395404
934948
428289
71856
570921
342908
327633
132085
731226
462761
958716
400935
884455
124799
248523
120021
493414
922262
939435
265694
908496
456442
138892
901039
548215
913335
658730
989811
316131
658244
542878
934173
162573
637822
884658
744138
176193
404539
683293
21087
240324
986406
836959
712464
949193
299941
992003
68867
892252
246783
398059
954136
444249
780812
733992
388134
880479
766412
939761
633030
329600
637801
736331
800290
906005
747099
139981
309854
970510
195533
917383
954300
852494
500004
351108
187227
156516
90162
281554
384591
748944
743966
797509
404738
210755
981375
255407
446378
74667
409121
344281
85944
857922
942224
408237
386658
554103
390509
7875
946306
66461
13180
673488
633032
416663
913181
41172
905343
315031
900821
993983
419430
840129
295406
318044
683879
299135
785528
26289
289348
849484
816130
148430
8366
99713
359005
49018
702001
72159
492342
751335
760055
747125
936045
461065
917767
713561
989286
206558
536178
191017
682356
16050
340361
920397
960009
72218
952824
926143
642650
738601
602594
739642
404790
924604
686964
597746
329051
444388
136473
224434
738782
142375
89514
321201
772451
920539
54858
900599
902828
875021
336513
981770
411057
482141
674218
668876
782320
535626
186157
567906
46312
549889
947496
327917
324235
119029
660943
103343
959699
616188
344305
622092
466813
259069
847315
401137
293443
916378
257254
801336
571883
3403
95895
788328
410925
18423
886251
867740
821798
920997
881353
46390
553804
801562
248831
858966
112703
995605
561007
222550
285315
168348
483125
519959
567522
221850
403327
954368
28182
23137
393777
553860
225432
574999
392408
832568
142670
917922
773395
976967
54953
47312
226488
259086
423018
156332
554135
796986
907947
917593
314173
240826
856489
476937
466066
722391
350286
181278
122519
817090
285687
893756
611973
87046
706485
641741
480316
849912
751423
373464
114583
49009
822748
579406
129940
664975
393074
417867
713484
612499
586232
743301
810907
923451
645140
848731
837875
888484
737472
276634
549293
739349
89051
333695
890022
751563
800752
499714
181279
78868
67614
764982
365092
292140
21582
63097
844340
539156
305504
167790
36431
77111
913908
273701
753631
117470
980051
946814
793570
952351
906887
705667
967174
945389
785525
181078
837484
647853
917311
357237
750312
412234
238252
76772
108732
502934
140816
454887
781602
630571
606452
498486
701095
788369
678543
453549
701847
89796
384638
434622
160250
880061
125938
743811
171786
646855
572433
440457
613122
800117
219163
779950
986619
602963
563655
4493
864512
663062
471101
737115
764629
616241
825848
892256
730188
414061
471695
362322
257835
759107
495768
345211
498904
284241
301634
350146
462597
184945
572065
486573
446979
358511
447020
907087
919703
545850
988158
244342
66255
132807
867364
262667
519129
725138
562464
467628
263415
222493
692809
375411
524414
508728
804610
778889
242467
35946
551081
5962
906004
805840
686831
155432
437799
608693
438052
849226
113213
852506
524123
880268
897535
372384
194489
376934
996560
831371
810493
166044
793147
770727
181721
767894
274621
270984
43197
294837
376505
478925
977971
963540
162123
198155
953794
953949
266197
415067
616267
118109
149278
636946
224170
838138
923047
17946
302001
598425
554609
138196
622262
403849
503299
392577
450225
343820
848258
594908
22229
330845
55596
947239
307013
255782
155421
771819
862909
422201
946945
764311
938365
384896
447205
242255
242575
381729
714847
247715
663859
903670
678901
711654
393701
543122
244514
649380
966392
652383
105669
813589
534313
448398
121790
495503
782767
242814
806656
850531
27785
79010
538792
853031
29886
857250
177136
336684
920845
46584
915767
596542
303051
636164
614404
755505
599341
397158
660019
60632
434992
480053
708865
854300
113955
566326
987935
838986
403157
557293
81271
423636
49568
541213
80031
349148
64489
333201
7554
768980
839027
150098
264777
496830
334652
153503
312966
757338
688393
838906
267288
308702
751803
250497
881888
766092
365577
615499
627815
532325
286111
46442
701741
834849
304533
790656
784680
444663
516690
193607
748513
918319
381394
548003
466986
114621
62046
804116
181746
857496
411391
614355
83324
877242
513878
412770
85392
197468
227573
523351
966732
408307
882127
760316
864302
532077
854573
602171
90105
980783
87114
731792
368867
91715
565939
200881
102622
712844
865816
211129
896449
191447
124546
59609
749352
453503
688804
228277
863861
187797
696402
808899
893589
640655
362995
360128
916535
591359
934479
82633
821377
690498
321389
539376
146563
721975
905549
800854
597596
765954
861550
439517
593407
164940
546404
50499
562957
798650
375380
102817
921023
673298
525842
737135
102420
638717
817398
41204
537565
967751
376058
508898
196340
887112
88300
646410
445584
551364
34116
381089
963844
846893
609095
155254
650787
759720
281142
303056
622859
898764
872078
7596
317244
830509
934050
306036
585874
689027
610653
800387
291367
54037
746765
551864
623260
270120
174021
507649
108018
186483
670418
862698
984699
542682
940779
701150
51234
456636
599425
715529
773700
225773
2293
1399
781569
584695
590658
288175
209760
591636
535650
312349
419458
905291
603913
456682
759089
150159
310261
703046
424444
81589
122705
226907
518720
171085
969498
471122
248594
834885
823542
42936
136368
990414
311284
778333
523642
387446
771599
554730
408603
966021
9269
880966
912807
689923
79990
101606
516939
698793
851463
61381
240859
101408
992050
147029
712020
94595
449034
890790
232509
959520
58089
786028
474423
236821
526793
784734
945390
535615
20534
552267
451624
891240
578199
126681
2252
185705
764829
403723
179923
929406
347644
488295
158064
448114
644940
525781
896671
110708
493218
191983
409530
617450
101391
769140
526940
923377
483121
898903
886197
475477
740354
814115
659901
797684
803367
276378
822770
915903
807618
786386
64737
792140
294482
250528
593962
759951
177092
247618
274350
519310
929259
236159
529589
40797
712361
926777
918428
199473
824324
144148
290447
889549
314679
560603
740765
522736
903066
452458
338462
739822
391075
233783
69309
633748
339896
827879
789008
130319
524539
904199
424727
304774
369108
223261
608630
185562
157220
815439
102444
579126
352099
734052
209775
796544
842234
303553
206149
688724
878394
361854
186210
538349
988479
209146
720182
217041
675952
660144
743484
4078
376759
981598
463534
544429
57553
215444
863700
426895
477377
999324
227412
390958
867503
258036
824635
760363
773122
553715
468307
654973
45162
24619
787763
324489
74084
371687
232876
138095
603696
382750
884489
571107
116512
210151
180557
382382
226078
331127
666544
734436
426049
977932
270903
372959
793514
7692
942523
595064
473315
775379
267183
449782
350058
495184
226777
534080
451327
554074
23264
92825
373068
470712
49091
250742
769183
780386
164423
144811
115079
140829
630001
271886
185246
631092
273617
494568
152817
263024
736543
170842
689081
735125
884302
669272
215706
457501
924327
68334
733955
113896
712798
51531
632184
188949
956198
78646
111
168371
300779
515544
234809
593460
515029
63172
513714
132196
307995
504524
417088
531331
941875
747598
35117
834528
446489
719603
796415
499119
69186
322590
838143
205805
965343
797363
334523
271700
351269
642517
766440
199735
554154
815627
7060
620562
864616
298838
620131
188767
885260
136899
134742
169205
988900
654415
839198
627669
894924
62297
401382
231092
604054
61095
129447
439323
327846
634466
169995
595767
786309
379431
233493
895270
686467
15877
559215
326440
90329
195371
906740
332895
758200
303504
590994
347989
892706
694417
961754
213680
434926
96207
188323
728183
858048
618844
764186
128745
737918
998995
638697
480994
397435
444532
959261
336325
148527
575901
713935
176091
147940
263478
805191
115655
528551
716410
386496
706248
195966
67067
976412
734854
815300
446087
998878
859920
782326
302770
64054
566493
362401
258398
99451
871263
171700
610548
343517
919973
319201
807037
996926
554199
947613
682456
522299
841134
521660
377068
493004
821420
965248
302790
765400
127443
354952
377898
154549
356905
477339
946800
742489
913718
689318
27952
816642
40808
421862
518239
876714
308736
481628
88094
958937
622980
691125
170987
114539
834729
832568
675579
223805
488800
481457
164813
298566
818147
825217
986067
205438
929804
53515
230373
892109
71565
426071
487157
787110
976200
479971
62357
252299
128141
783082
605260
541531
145570
696121
313746
952726
790923
778854
344727
226264
715845
457708
519783
528683
870487
78883
349098
870283
902828
130033
45851
117976
973040
918105
304195
817561
46450
514810
53729
708841
667109
851445
505615
575926
459032
316203
63161
11844
892617
813629
37864
29295
514317
821024
833203
928408
518541
156591
14100
170999
354566
673876
726450
965604
990248
367620
608460
306993
306902
282452
307002
331356
768495
343392
172396
808023
115463
536999
619267
596252
107480
299527
85091
704220
789658
511291
112768
288642
957653
709845
596829
783308
222045
544227
498551
819281
4761
43315
980230
629463
9396
193661
962856
181043
883847
333801
274921
746548
724582
441137
607113
84913
757067
572442
587535
616738
179439
875269
8715
118477
510617
975184
635226
330747
316686
609361
20106
446221
190527
876669
860709
177745
830365
522975
728089
198486
43835
798963
301567
79741
987368
784853
467921
935635
51841
882069
238733
956297
353199
744751
595475
605663
226808
136471
950213
933117
148970
399330
976269
811686
570418
718709
777888
880242
602483
964655
176940
224291
653817
479689
315799
576758
875793
177430
570690
772397
645002
369738
969249
240470
486329
163366
81243
562928
14132
71148
488523
354126
221103
454174
551884
345973
243746
367988
302860
884210
786003
406088
163630
84847
572632
78974
980444
289086
497047
538318
700373
711218
3642
269762
68280
313361
456663
46495
771021
276367
847777
155077
109615
305696
510505
947774
662269
518697
293919
737371
958078
946663
487688
729533
494319
901214
521710
476140
237177
127942
426321
464141
400528
844915
783927
246302
729213
843999
974007
136421
383713
331135
721601
322156
686406
97639
233288
670307
586106
376014
437351
361271
435651
387641
177421
209194
618690
15418
81166
456237
179315
305106
656972
518790
369975
725134
522307
342103
985861
204489
552549
472501
327081
56509
649345
934543
629481
589704
685768
522155
205992
374095
31835
870618
130153
498706
666500
568957
455501
32413
689277
306002
899083
697775
419
791291
814317
189566
872469
283706
944727
620503
641328
440764
818956
728796
647896
755800
305329
433809
565782
714456
479399
168121
660367
5066
354428
85498
94527
112116
141156
433511
965517
649274
969332
288460
945454
557324
277590
888014
579068
348431
360512
572775
587398
658980
127077
56201
840231
2401
139130
257676
987830
738373
867065
260675
74679
79136
608418
258958
82660
655155
806064
300123
157145
763306
555782
875626
346625
115300
507974
794016
692068
740583
384747
461435
448997
974249
55339
734499
479473
141686
418015
99798
673837
953911
75129
3234
538655
441075
5644
858055
328631
53015
281181
933485
486706
263466
93092
288027
822130
227448
286279
938649
525004
256316
459188
675696
291825
702193
160896
57569
203612
684179
161448
257471
188989
203718
568310
210501
750377
656559
475021
364860
720173
395595
546432
885421
725950
578465
614422
929038
2099
395183
898829
463561
700751
13770
176289
408231
651710
173809
837303
763202
254322
974990
359553
720021
196265
585539
769961
61060
476751
822687
929452
375097
370995
520250
185334
512367
588095
126591
897176
898792
614637
897946
564268
174538
480098
995090
965951
297171
597639
877685
869517
928475
387791
719458
488800
326588
55514
828413
534882
89173
870102
521939
913275
683148
823881
905385
921650
440638
173146
448596
855388
683858
27125
777001
227970
579316
982092
557620
122907
805858
643891
758865
992220
99295
668428
853071
6143
139504
597053
37016
571533
696462
287737
371419
930429
46949
913561
263603
790197
838033
572100
382521
868507
371571
234616
847741
5436
875613
800483
704811
845999
684933
333932
414334
96004
980192
151078
363165
780122
387809
592428
283105
756747
879548
133307
566581
11258
582998
160183
596999
498129
863247
394011
719820
713056
157529
330647
870502
945117
398019
672719
307113
506463
138267
920011
814084
634906
853007
16372
182769
545372
880801
259772
770141
763128
332630
394503
805249
683072
486541
477855
312689
519499
347167
64663
417651
248078
524875
514030
342212
426564
947534
935233
439439
554325
59388
485722
326685
330313
660600
865715
922217
244146
617313
624669
844715
607430
491972
108861
226619
880242
415580
701242
506299
326896
776118
642966
842732
110077
404955
42709
435288
310785
929263
450887
350655
542996
57399
727702
634538
245472
703808
851111
335209
340883
51955
81662
203363
450176
704028
337667
714052
153686
269449
370171
77857
480770
775294
921653
599187
519292
958941
865379
369713
672037
793586
515317
929575
228367
644846
760942
189603
836322
484473
971639
104214
479453
882071
786983
880769
88842
900621
797336
912813
536911
776334
188489
141198
213774
836221
386264
111387
294246
339529
178106
68103
232452
932750
276088
326988
915266
497816
201043
877091
529684
777942
544603
158626
88107
448021
922455
883549
435986
860551
490826
704905
988019
849539
711906
276136
11765
208559
5819
459406
768771
897471
686698
35175
95188
144675
263023
589976
67183
191612
583375
471839
326673
795376
846146
18033
471102
16001
453624
654113
384291
923312
968254
262679
109572
934073
187037
107942
763208
232769
413797
400662
568319
798266
894963
261745
538040
668254
210496
974536
151330
636906
217494
161243
923472
107053
978060
716895
310323
54768
270881
688925
710557
525761
572994
942069
736602
533372
70340
121376
204088
78399
187130
669298
359674
993092
432703
536349
490313
326636
783308
823621
651557
951289
559293
706031
866696
816949
743656
657524
29267
47731
416212
772597
413574
20566
457562
31686
142154
77041
885890
521068
351724
237617
453311
834878
639142
238536
213155
623540
443078
66703
434503
504312
352869
219262
535369
318002
140060
698161
544038
478688
716423
748081
245896
319397
273208
828224
796676
580288
815405
532853
653631
641644
786489
591510
500885
690858
119966
149159
117075
736142
235996
625909
214524
278930
523379
276139
747845
305494
966400
150235
778879
58531
645813
435151
227778
506683
668217
119892
691545
856463
716799
631119
533499
341847
459240
714491
850306
884309
406132
902037
997607
710743
124357
404030
440659
241016
247688
404776
811743
595757
530747
216776
550214
984285
414948
739075
931212
365366
343444
618676
568297
760463
600593
925136
134492
452247
493400
281150
308113
536836
274077
909371
887532
12370
891975
609462
420218
979225
973644
331289
367598
442065
531514
368055
978885
621162
49968
622630
649990
506501
267124
275137
102648
840957
568149
236907
424968
937926
45545
748942
343448
708095
891297
936666
198370
649851
256286
194125
280091
580545
883476
566134
763935
310708
716969
110855
672023
253820
430396
852867
562445
447965
574813
57336
535485
90219
592164
257480
956631
489576
16351
770290
409453
434330
414234
828563
47449
639572
566839
402926
596444
404018
912460
754285
319442
400985
814358
279034
802583
962098
758919
612644
196371
74259
3195
468922
22151
808784
799381
890216
291344
454201
746402
221084
826540
405415
739951
246728
969680
897114
996819
278469
409529
229848
604474
290896
975847
674159
679122
39615
428604
202649
335875
29068
833148
498670
508857
637137
595308
465115
578288
726344
274119
575045
971423
904673
879049
841307
882319
98319
979396
24882
706983
333702
27566
86472
294564
118857
897838
796924
601309
168927
78709
403945
217836
61295
3246
620122
904506
933354
840983
813771
298416
287725
288924
379908
558228
740176
606094
711771
404203
148961
620190
271902
735690
111127
694972
509339
838272
645969
24147
186777
829580
197300
630851
587476
636699
926879
289878
945831
781845
915223
796339
629831
164222
174063
35222
635563
169770
42764
667
265326
2671
722182
103864
199264
771548
640701
214972
865656
357177
641746
628494
248230
515525
895409
880725
651345
431142
927056
237023
647491
541029
212052
310033
10369
249472
457123
405441
166212
456310
189780
984360
731625
128874
66743
190221
211469
989281
775313
241417
16985
769133
150428
47748
790653
280498
50955
979262
3692
3501
17238
393638
23149
254640
826889
705716
751586
384005
96695
258705
726155
358723
111141
189724
200533
690865
162598
9355
952702
83977
329477
574813
908504
693571
121957
337268
52702
726157
484233
811356
791739
825281
326812
239383
609904
726610
232255
747123
356698
156086
875309
55620
959444
845271
524020
590195
646933
301907
926437
970440
22516
501199
890500
522711
170160
745196
63366
617691
692614
53573
197913
980258
621678
497188
173365
517582
66769
466952
184441
728641
853233
675989
652163
48960
90807
18304
633625
88493
695457
916455
923708
496248
830378
104593
118684
629374
69661
110500
469775
859727
430574
401775
992873
699185
488887
117462
349824
784334
615829
688277
385891
578562
96483
460902
331473
191746
282958
53285
647833
99872
135657
382967
934105
231492
296176
556446
949931
93959
335056
393310
489298
596695
271709
364702
788137
477028
456968
517977
926139
458448
773270
383561
581742
885976
847581
572528
688457
265366
884557
61033
165912
589372
330710
431103
828534
970381
238438
984837
77876
286664
185420
63006
588072
541243
480272
222928
968715
716981
464915
727434
39485
243985
849169
743960
967565
325587
87060
639737
198760
449165
221641
238333
839601
31495
902511
631262
385071
716014
308985
668814
942456
437878
934711
728576
791223
945229
125727
693723
505737
999439
456235
587192
349000
151058
231889
516211
386554
464612
674685
274171
274467
727655
47312
304197
903559
825312
319118
402407
991985
290552
207048
581462
896963
740088
275809
769689
978183
207911
244413
802094
406424
148854
907331
951379
269096
287307
452816
948857
442377
222394
831327
278503
136419
108132
903499
836531
680900
246725
409140
579617
943276
236682
7103
140199
207478
212592
649447
484724
735154
674436
917046
145561
153705
842060
297344
626088
955920
527729
61067
837995
894418
829320
486561
443216
940946
215733
818159
477981
790868
303065
546530
226315
835884
409943
791687
541534
966383
158942
951620
621838
374615
849392
91523
526645
378803
450270
36233
119131
389871
483002
499716
489557
526355
645734
730756
500073
978356
526205
845363
940255
693103
699686
793840
846942
110545
331118
561026
222130
608491
601243
486511
478274
167377
409715
562516
417979
867880
867820
359073
73925
497089
714073
305420
977886
454294
701953
506437
269272
61754
115891
481134
525264
129827
727762
935142
971973
995979
233662
947193
651706
753850
538251
204015
688952
848858
763293
1042
188866
489101
950785
968148
119442
317169
546134
62998
525141
441799
236840
513417
748924
751010
48048
927325
874338
147703
308373
966476
319177
274423
543879
563819
813471
734536
200335
3545
112048
55665
314792
724754
534692
296433
962496
111936
283565
678127
850568
369897
537711
598755
118095
68145
516854
773806
970441
136303
746714
979102
114929
462443
98270
965835
868511
398680
505736
16035
989756
714687
419041
625022
803828
206821
612884
986050
129660
729604
84988
992198
574131
979541
612563
906185
895139
787866
306910
352067
45922
424568
548591
192255
630166
784019
186529
796633
459095
55057
143359
313821
463681
842914
24469
671227
605846
156041
428270
941538
765928
521732
773439
663020
943277
813881
491184
241327
998138
961202
588554
236122
850348
774406
143999
597941
530104
387928
470515
33029
384411
399297
894324
273087
209712
494211
194941
960672
439534
372834
343594
663977
124978
365150
818822
885512
89517
635996
760253
310469
539542
267631
272713
370136
334718
49448
931996
332142
721872
461520
201771
537367
166638
30182
889683
364218
640383
562060
266386
221900
634055
794934
629714
649203
155864
236285
712718
289169
86845
101031
713969
444566
763567
431669
172390
38649
491874
42950
313091
459691
159216
58864
927808
723788
490832
243563
105140
173398
407499
732500
106955
865689
570273
505339
541455
510799
39927
842578
370333
279408
979367
775331
752746
936120
438276
499385
997009
630025
811967
858195
748501
396754
161855
529729
62439
491668
525665
255596
139182
17843
399088
920174
647888
912209
708860
726998
654719
298071
238649
650844
160395
944218
538782
663718
215252
983746
949666
719926
719580
50569
775657
115417
103300
882282
319415
935283
110035
151750
801137
581449
676856
873668
747207
700386
57505
781584
827394
209160
781365
595068
887344
962347
116618
885498
921725
915121
162948
171273
526494
691379
928630
980083
94134
833891
405187
421042
418908
599946
261127
157003
643167
310634
500311
110646
288352
959431
781012
744731
22085
292327
699397
895471
643821
315141
370911
586748
884360
398823
661045
422099
152635
467359
907072
311400
755956
708415
24881
435147
86477
687208
463864
987873
342570
499661
881853
178490
925037
239500
560569
891161
785298
420850
435710
791800
641850
181271
500972
376827
152634
455999
645988
274248
509993
919457
58676
153435
698147
528245
425849
729142
933326
857568
312162
490144
886298
262308
7548
43263
718187
952379
407021
247824
178501
834453
421374
727753
766195
515147
486290
910872
107448
370733
654966
507851
270289
939120
436052
814946
917626
561827
94682
171596
465000
848938
296506
306126
680161
750554
311701
994132
664768
495366
809668
272943
399535
12146
334671
514765
504808
399022
415291
865973
516954
766627
43699
78340
664406
645916
894523
309420
925445
828133
152489
169470
875186
90278
875472
871520
143241
716560
633026
49939
276158
666611
796451
574234
324432
39348
219935
739176
540403
383252
708787
686840
75353
793376
659307
164271
640875
861747
800191
378063
256774
287571
112676
892307
923103
556419
16626
159728
354410
611057
657071
521400
649559
400790
511066
456954
463962
67963
598789
12029
707177
344
727518
825340
801760
175140
583438
811303
152951
977137
2308
835533
709542
742628
727696
398952
859707
312000
495954
996668
477970
364660
910301
611651
622842
48072
895523
128322
53867
821190
542940
51213
397358
48927
177389
626350
171145
80710
994956
633923
74160
598922
988515
727975
586288
224768
372559
267121
177040
327289
517928
221097
715176
858618
425310
449039
327476
496101
77963
443009
248203
659057
438371
760741
74710
291894
510520
648353
47108
912945
154572
864058
663295
639572
255190
332743
651567
289738
691642
718269
499757
983939
755863
147435
606065
562617
932423
419441
343493
291536
539872
78522
346572
241040
551909
931674
659450
770928
296508
384977
111619
724163
86693
112960
165928
666060
828655
526499
195195
164708
502153
383273
694676
478229
860596
80830
639766
650078
129313
827206
481143
593186
272973
994702
693262
554993
881865
207446
437533
182739
4225
625102
612172
165300
107897
204060
382888
156683
778724
607744
634591
904797
348182
405912
707218
209826
585397
112677
266006
462666
790451
460364
791479
555862
534734
646250
767213
510318
480287
78863
658081
44959
357759
947784
396285
629685
235994
339639
201802
599329
685862
168312
951069
548456
649471
371822
588708
9414
220975
321029
230030
846048
424799
2275
947571
397436
955164
671607
112421
935975
597992
976406
377058
747821
579865
960403
215889
104001
445928
332512
449970
74286
921355
220917
362679
383966
200144
640347
266522
925868
449061
529776
771248
77949
863369
738139
970196
764139
566499
609879
57663
723087
205147
594881
4658
423790
854728
268290
430882
945805
642037
77790
38637
331466
213365
650925
328045
724307
366986
755390
458276
947506
730615
556729
918817
241235
847808
572742
151018
967893
680864
366333
560542
938730
642575
907542
478499
526098
649439
137689
787977
616871
429158
16332
362098
715254
516868
715407
810655
269250
207930
241909
661129
519852
588352
89484
282415
276930
874021
565094
237096
861920
228757
682060
876469
645291
583910
971330
566127
474800
31982
583002
649243
188535
360159
523651
17025
871540
697921
215763
5067
654192
82056
274158
578457
607613
273516
366369
151809
783014
877105
965983
356119
107848
229375
623256
759890
958247
711027
70601
489976
498840
842038
750535
844810
858060
113568
101307
564548
387628
979269
455761
886863
818426
173582
755085
886979
425217
319242
460055
562319
671725
525398
317313
25558
654694
983867
313853
399846
193951
334909
508008
354891
479706
27936
347808
375179
176498
721000
685029
129143
674713
136695
905177
776697
649188
56280
365538
665886
429168
895967
307538
961047
469026
889627
924280
847624
505990
956598
333276
59300
25430
450678
55793
449638
969284
828465
90567
220434
971983
286622
97501
609876
96432
463854
870217
472339
301829
595281
253737
317561
791822
484351
297140
809688
272206
516862
210680
459688
999447
649226
293832
89497
669270
963340
837742
491527
834136
903369
81748
229568
694397
976907
139169
234046
396943
201139
11667
375486
336060
2250
789200
52220
776234
782528
840541
358454
416500
595876
70843
316506
81071
397635
643949
313470
740621
226691
542648
16689
346484
90724
610953
724347
145846
10552
360453
604186
770626
483549
674566
181538
952749
285296
342396
551622
832003
459545
723889
532281
550471
182057
348390
859397
151099
452558
566607
73593
858984
120972
431928
770548
573815
454409
920069
257065
2307
431558
376705
913487
105301
117268
784747
255415
813591
643561
579899
596824
228660
591643
751625
686357
175732
932533
481648
937732
739303
841014
202999
748027
528766
97165
196082
902545
490688
933089
858387
916767
682024
75890
56123
724632
656419
495416
723471
803428
487047
954767
594418
115471
923724
473123
88344
46975
280296
280034
650921
287204
779437
723262
695072
744800
593675
436344
353256
809069
761276
255131
97563
63438
360009
86129
910294
710589
415912
629097
420786
841561
940519
723781
597371
68692
448256
866280
663249
706922
308807
970918
497964
518864
119107
512717
8880
537256
798739
472044
252162
147274
518304
84583
673967
30355
843839
569663
213279
8474
317017
20804
85985
832158
707125
927925
922239
887369
97190
303700
163213
203040
521606
711811
482315
438406
683138
990299
915507
956559
99661
269514
937512
700233
649940
345457
889758
229844
283269
874663
314353
226476
826000
766691
659477
592434
427362
564705
795560
10628
108118
262978
26325
4028
140588
179179
531845
70384
12217
395639
545766
569720
214146
26914
502248
579039
383405
812369
450483
91757
619550
945077
624813
216588
160853
210697
57337
270795
803152
581043
691808
152457
989106
827128
589069
345301
95709
862071
635648
818285
240809
690245
270157
4017
856847
705120
685320
333663
52503
676641
521162
461811
856672
758894
465104
188242
14792
216421
960557
778596
383556
706727
623630
345021
930180
694395
614340
719997
116760
262766
907752
687094
245772
75688
224711
550996
291192
698181
704106
277459
611504
689667
988301
291346
212058
899713
364407
172338
638709
431799
101474
461339
913199
636688
191342
715387
209047
470006
769971
576165
224806
809255
887450
389498
862035
684543
372159
955533
566281
996488
351574
402231
873037
948569
213168
764031
806560
467998
236256
927220
75036
472059
656594
343296
622166
577337
858612
256032
29268
329906
823909
406587
32288
446759
314310
268043
549788
563910
684371
75638
853717
194088
343089
857828
106158
122149
183008
357324
334092
677031
767219
754551
455914
732181
547709
230177
188910
648404
708681
697462
541455
392503
113143
319401
396692
163181
201598
479629
216895
470711
106871
60551
424040
316886
143374
54994
640611
12897
702330
646542
50296
301905
407138
370159
885569
107293
688141
895920
329236
935492
125346
414334
643557
68238
318642
192256
717967
154221
134842
450453
78907
304859
816592
491084
459485
28549
270452
7012
909252
995003
572784
969942
418952
675823
653267
742981
901924
280654
701409
917643
80471
14245
711500
32661
844889
131404
723072
662322
651799
361248
713021
646557
304003
313684
635859
339951
34430
793359
962542
929504
497938
680030
940376
892885
674892
860004
812188
102700
355027
95528
331000
937850
370305
203925
594043
63431
849349
288489
902377
797405
393822
484888
371642
551712
550909
97263
555651
987851
928247
19583
820612
618384
373706
88437
362757
697484
79332
612972
627048
830048
789447
792615
704950
820529
722665
716429
888771
676492
932408
602090
986070
328025
408333
828928
697637
767259
311073
991032
602252
338282
304365
935287
525064
54596
325875
935161
21641
99577
462704
667815
956437
131619
233678
694629
198679
765253
343110
652703
134464
766399
424084
922998
792664
74760
338375
661839
817580
469801
217187
175728
337807
408338
960430
921223
226692
914484
63871
340769
70116
930542
872235
956454
606480
293430
36727
641422
617598
185987
148477
103484
71536
521455
860131
894657
360119
487503
321603
964370
536349
112981
941922
317559
965938
888372
106718
860429
45531
477206
325947
345339
373463
972927
124741
780349
266472
941450
831159
576261
747658
835938
781910
887009
99821
635602
668473
356435
485542
693023
373800
767006
488298
22182
593597
662872
560170
705431
97364
893901
183523
755013
406790
233883
777379
467362
292163
464270
200178
715437
267801
228135
365476
714365
962931
958153
81093
578718
497983
957575
816543
461423
647988
878938
502243
379118
875713
833033
775265
306266
922923
326711
255051
770111
12088
718252
587183
523063
998064
607847
524799
535505
875729
978970
563550
548410
388716
15367
480654
279594
221162
197790
645011
205672
755416
970035
815949
24894
664688
431428
263000
484837
473347
618396
915808
147432
848721
598868
486695
585639
674522
437171
916437
434012
420471
371230
646319
672210
244282
854191
995973
62434
183444
579326
268393
716719
36624
931839
757211
41963
722923
895118
691367
332602
779763
590802
283956
879187
941854
682262
273847
353987
548573
248772
159239
817061
25736
532038
141359
942184
373001
510627
424442
114820
100054
102592
219287
828137
471353
233057
201978
802489
875870
936617
274607
383578
554627
494379
421237
374408
862348
644218
477216
566053
997283
345730
763653
608286
46973
542316
969470
134650
459128
287505
255622
794836
844867
937870
658396
518250
637981
543880
310056
905571
286653
139038
214560
714791
411712
332793
670183
121731
252548
376730
974644
23486
468621
156642
169603
868660
816187
738531
569391
598493
12913
977853
157611
32756
13723
861287
205032
400191
37317
881814
669455
885333
938698
474119
324701
323561
431603
572062
36396
398586
469283
242464
901351
893282
779677
818242
295204
425811
719443
316176
472693
53326
4598
439075
829515
317238
752045
740335
941297
711472
318613
219132
95190
481475
728100
143826
577854
401276
459287
601141
662984
671638
792146
970398
652337
485347
210214
550984
125599
367337
347415
682792
275387
693768
651146
578449
949351
549956
866523
163785
177781
190317
64264
877878
281965
7291
169654
158580
915625
236265
874582
275716
809012
426433
733354
87035
692780
496791
115021
486455
150349
102768
886953
47894
541159
822077
654490
364445
115395
597090
70279
689853
680553
756090
734076
545475
184440
714835
19730
849737
845478
774415
502273
639385
267278
265662
250798
497499
882318
891214
381201
519256
393306
634068
349644
338127
218222
353523
937374
94207
176637
59360
107173
38341
213437
586705
535855
927661
533771
235184
258341
827355
277335
926999
845723
753730
984572
315036
836036
891919
213287
279154
403093
662378
74959
812675
115760
914456
515232
938794
188143
756627
372463
746820
451568
93169
477396
701976
918989
636654
880397
162400
802404
208056
192466
776194
308005
145588
585286
393258
614724
44202
38615
899541
700851
51475
210183
514072
264164
219916
930238
844314
367022
677098
858821
560764
117361
725150
336002
388132
932223
484844
317731
294716
805265
583346
933886
710179
991013
768660
981672
378899
512805
426975
221104
825517
273161
3572
938311
623262
479199
794620
111232
483806
560009
698306
406237
135035
223891
667930
102617
234249
504618
685028
504549
406808
301554
17685
152282
212264
473781
778416
20075
165616
768848
268964
462438
503790
200648
694791
436433
235660
4508
924479
157126
344047
284522
68411
458354
401183
433977
711280
389479
198008
82119
805689
650850
695891
740278
406489
763103
856471
933162
98086
563390
457041
921618
308492
308950
855038
569495
780118
361691
501661
865834
101732
850342
282584
982505
562648
554537
99035
248036
95514
891609
28595
121030
437329
494364
136589
266982
574198
996022
978660
369839
926947
952655
90272
557851
222899
38934
320069
784765
566615
249429
97809
259382
722113
796006
504848
444601
465856
99808
707314
684529
46045
55629
716169
921027
295123
151407
160666
646460
241706
540333
951303
240926
135655
232080
751534
345237
143215
812494
924870
958140
106222
731870
6354
321788
713730
690697
938723
503823
281254
792381
618477
857868
760339
511205
721158
694501
645940
832560
655123
288738
27031
223748
788596
766147
343146
913372
674010
702945
809948
430277
771815
433637
358731
924773
723566
495242
845232
966776
600183
532970
1435
397698
308329
348707
498831
422921
164102
810543
895595
87896
723751
218390
245973
125227
799086
852787
316320
8171
409754
729959
622038
49209
965632
955740
676250
704415
787941
933276
488315
809290
582064
980801
466209
511926
109205
603952
329239
433467
810835
49277
248703
275558
449207
170343
213433
105832
426340
657883
548326
778282
414428
447598
478087
595974
336308
400612
141078
630546
229134
486639
544461
508117
632911
813153
475446
921807
784595
698266
254088
178520
875573
430842
859700
164550
611239
231320
835181
590087
864754
171553
418252
396936
905779
729113
332730
21402
900246
433101
473749
772833
774441
121884
850356
250881
285899
669763
481413
435045
392765
658644
400127
152006
852180
287841
503233
871833
803275
45426
906353
167084
985613
161646
978925
555965
446637
600995
18955
96635
507246
232961
17280
911790
595655
280
218464
969086
59052
911904
453625
412442
185756
466605
470685
468911
429008
70363
412168
102922
864082
676232
541073
892800
173239
582877
495218
859685
989272
792405
437899
838632
94771
26329
237164
118002
757035
420741
153704
697808
251818
95411
768549
460119
17334
444627
231321
239324
874388
35053
311817
390993
592088
767188
235143
54411
952842
979339
493674
835954
614029
432407
110562
991948
59081
31774
830439
718843
35929
54745
438490
722532
282299
290509
656482
952779
895124
755478
468419
822064
410334
41490
759978
385648
983053
77710
659689
840074
837125
754085
861722
771399
237013
2283
121006
484167
213471
706847
937922
933529
413184
193297
179646
273274
387582
992584
754974
330095
431250
844888
717931
249453
648773
101465
813089
651173
324553
280223
998119
198834
265589
730874
123312
636086
592152
116471
217790
975014
378048
537102
388090
369161
38630
496419
786095
262524
565984
321782
703971
754886
364285
10967
445443
119749
419038
980850
294933
426966
959508
271263
471760
306898
882750
853748
86505
608866
253893
549914
33246
635398
442276
685832
957948
446951
576059
994615
665526
689859
121999
499245
388041
35131
932185
461901
381397
627570
58277
356969
631393
832027
915423
256709
418859
383984
229776
402767
138994
659187
717119
692184
358819
74778
402321
115487
426374
586454
660339
456245
973882
12198
809972
615954
695064
720005
649495
419144
169181
660627
871813
878310
285789
66174
640792
690758
453727
483083
651247
586469
657902
303392
213138
819304
100588
482596
72189
917447
291999
165170
857842
95888
432976
362287
269751
923164
243843
702303
296734
303751
775920
396832
97181
149656
479445
650114
949015
445243
726003
591153
63521
540473
397522
318397
671572
952802
358751
194075
342516
923163
168331
510697
147629
983368
154270
469440
704686
224302
663218
504111
32595
46882
310401
580955
848546
271356
527266
460648
70195
635054
463767
863265
688402
552431
150416
557926
368551
679050
725601
456788
699566
362056
454379
334898
526694
755131
537032
820601
645923
657198
619441
240092
824370
420236
181933
761684
881339
360393
783003
594082
830483
412141
229633
977280
630877
134724
484142
170422
349191
146001
286771
120432
243935
703959
438
108192
269649
126203
620880
660230
270060
495371
709544
599383
815919
787150
629174
738876
934550
965940
909128
753917
147257
611380
357083
524862
954617
256229
724379
649009
874397
423400
579336
904460
938081
488417
10951
118141
310078
809393
654653
471455
260760
751204
150339
104864
659026
192316
435422
347192
158598
415599
22497
651552
991651
972642
219029
160780
485717
33920
78500
55053
888053
303347
895800
866112
978165
344937
823915
149543
836549
492754
485328
761571
323208
578032
312584
995816
913223
446472
382452
676105
659945
457120
756343
348371
124194
933704
682697
689846
216903
188949
719614
525693
46512
206130
299346
228881
376536
104608
571719
581818
962902
639090
198549
518349
731068
303436
711960
640291
251726
162298
449691
481396
966488
100075
757526
23673
609110
281086
216140
681610
140113
73609
958090
768695
265773
395373
27065
411902
109882
694480
235575
270048
871932
571381
91321
738211
454563
631510
328402
261631
120911
930870
86026
62554
458724
840987
686882
932710
156852
139610
895970
336724
649000
652774
488447
938815
475917
358882
23560
111215
490648
52333
170244
162188
887139
232383
19691
44258
137431
510168
34506
650589
108463
169631
802923
932539
738536
729883
806695
989162
898497
864656
334701
309721
237913
555125
687830
147530
984660
338021
487247
900853
806279
395916
314825
253633
266424
199099
555367
930122
687976
174429
973975
739657
827030
642087
427726
627453
636688
794417
853139
634039
543816
877762
121904
660510
492717
355059
973446
557173
220953
994654
792790
522691
998628
584853
644817
8611
126281
588278
217701
689536
334456
500367
65647
477669
798307
925210
917267
906103
754462
539095
855529
45081
402238
207226
81700
187534
272182
568020
582045
329492
127162
587433
766998
912486
915088
954243
995576
801928
420947
415426
748511
180565
225946
596044
954799
391501
174601
253859
833464
145317
719100
141272
345551
418186
184600
940041
519638
906812
582179
758012
740168
3004
254750
305543
14319
178956
485048
269987
220890
139964
615903
845281
849753
977165
209553
594515
975086
73966
309094
230645
728730
707640
938510
696943
939421
563226
822750
56678
264026
267401
247773
425809
9893
286225
503251
97899
818564
182803
627320
682791
646523
68166
977575
627787
490875
381970
566347
174040
216935
105
930098
57520
959451
386634
315740
262179
416879
599964
812347
155347
654124
272696
928377
82179
852762
757242
805173
837809
682
84030
515996
434899
214462
73174
743090
834485
849656
406746
457491
218992
768754
347122
603365
680479
227978
378677
97992
312605
142969
35279
509017
681172
827373
467901
35842
860768
121987
226073
342435
5671
499617
219878
742579
697473
214899
303872
766597
5217
414714
652906
303657
241769
418079
826639
339207
493948
241693
552062
20829
848656
528974
81039
855345
274781
779340
546895
553148
864859
137979
968283
450453
839924
589031
427178
958361
224565
594818
477419
726299
747564
271369
721035
293982
201983
957207
822242
39230
164275
314760
759017
510874
457776
529923
739433
843930
565772
262857
559405
329358
717604
132195
931967
89148
171339
796551
62937
202255
721549
922119
954052
285593
998392
375075
108370
227664
773378
645341
499868
824195
626654
300549
214131
869347
953281
627744
740682
399525
541626
698373
37655
229626
250978
807533
993535
760465
386498
132751
795530
853546
42958
723571
468550
640681
876812
383351
660128
248431
365920
439183
677567
40906
385904
242812
149511
169664
315823
366862
649674
215373
324678
247178
425613
511180
991856
705825
744947
33933
449777
371514
600568
721256
146471
244105
514535
311623
494361
509793
138546
545218
343498
495007
45261
923128
867004
622416
894670
198968
302596
806028
815353
5976
984339
484051
823912
149134
990805
87140
384148
616805
712620
528930
945123
153826
539874
394008
273434
856523
903572
591060
743124
969621
277087
855166
823400
867451
481820
108707
211720
547652
58101
623575
21457
757716
710686
398982
16144
80663
389588
342661
294317
703376
430396
236455
452773
866906
624942
321521
967273
470448
32540
263742
491512
412576
260949
407462
39200
553468
198654
862596
949618
130179
108477
623046
868569
300251
97383
533510
635048
135087
378993
374336
711422
615300
68980
563030
370066
23353
773588
610818
36475
258318
490356
957150
601373
950575
264202
682266
919228
812205
155131
206144
535971
105095
861491
179904
441392
903526
911089
435698
445442
536217
453800
722186
411199
659880
338428
762307
707652
94219
375840
141738
285602
700449
511459
9185
466715
435058
700796
319272
939387
327350
851145
483788
102607
78270
271713
827707
327411
137605
531907
520818
422510
314459
707778
727766
464399
436925
623486
987002
86045
896626
554605
100523
354366
68446
833501
823934
863920
467102
212443
232913
304073
955507
927832
313428
510515
614048
840294
548973
71145
835898
626391
866248
620073
35597
367636
224538
394945
121764
712263
67740
456265
338514
792941
821946
97521
265373
708691
197381
42983
536197
998681
157672
32826
96478
792659
624649
997764
84361
372719
86667
170315
571559
36304
18115
76942
990132
743363
870203
457933
241931
704832
347112
413370
657237
48443
767103
279594
561026
102471
724969
847825
821267
333694
360312
112735
692569
642145
245240
364935
65504
414005
581295
495727
298748
919608
754762
526289
529208
815811
344422
892180
813470
470479
392783
769600
740210
622723
981658
931069
542320
889234
846605
330546
443307
945076
491375
672871
925524
455422
329840
132332
447952
401035
565777
89833
373198
322887
709418
586315
891471
30332
147202
195270
782065
212397
697629
791312
169586
523836
433445
906342
324733
344729
901251
817809
791433
743920
483826
876566
480836
49783
38402
858079
687529
550948
113863
775369
590332
865443
761235
201362
82683
288571
787784
168765
321672
39170
909091
653599
321514
134163
780475
936147
195997
584442
677420
911449
581901
172644
748614
771599
817803
968450
253934
83645
598625
529766
106074
448638
919991
81494
611999
173379
503491
324594
608031
336021
561389
792176
120814
503273
245483
532278
299918
854385
146399
923233
207313
562436
677132
942943
763575
124479
110966
875195
240891
561289
453853
831316
470267
190288
928328
123738
876978
574434
530092
864370
691427
373197
303873
907518
507538
790546
713162
920549
963470
371247
668952
573498
974068
166090
753831
14403
478873
774502
265250
669729
140172
14230
873598
948383
357474
239855
985749
983547
22201
750650
253464
814346
825874
913141
192436
134386
949105
686905
781326
841426
135326
652683
831402
437757
425090
175141
329706
420023
649252
795938
292521
575167
256038
719340
25336
813872
215906
954104
846318
104332
827173
984314
129245
557138
368074
140023
37233
345568
102951
749733
169394
935225
143985
673874
664235
530018
661781
519429
595297
186175
525367
767283
622378
424129
771980
305549
760041
812291
580323
863977
366375
25753
379186
165980
151381
845853
889684
687709
719102
468880
61227
521546
933613
482137
396506
758259
671588
247026
897616
908890
825698
464423
711204
891334
724202
235854
311536
346824
841926
16076
499413
979667
830878
550949
658827
925391
841727
838939
70896
652387
567367
596753
639203
580639
637724
615323
902990
736944
494608
983366
319139
612832
540322
57693
993628
243254
349123
671160
205610
258858
123881
96807
794457
194124
43640
835382
625833
749462
377253
855866
7823
871530
95878
952862
496985
627700
40929
337378
948997
48164
76023
130377
58166
986045
659804
224939
618302
334171
241514
606451
467352
448751
490913
456237
64889
823618
53243
410132
8505
552179
434743
566394
509669
97915
648399
966756
645416
60998
5816
363496
620638
22223
823338
484506
107779
79048
163089
493480
851749
502833
380073
675622
137072
236315
240521
317194
261852
65186
322222
276263
793457
555093
209542
771747
495125
589180
744186
619899
798428
810387
282652
796080
17965
765380
489809
95209
480463
977025
629190
222917
71614
553671
745772
190891
41833
178317
636554
228994
285600
384139
826298
335220
668996
748322
412078
87849
554210
249452
756628
395508
133762
933178
669926
499750
641315
993187
2687
892286
53325
77519
283775
15622
184246
450280
655795
882409
654921
681007
3108
477105
7340
188884
86923
764578
525989
250960
786582
206774
719917
688332
65512
590569
928419
906442
911552
311914
972138
892863
167886
808495
109778
360143
685777
784132
413743
77319
698518
879625
204445
541285
319438
717631
620620
234105
10155
477896
751272
150596
366010
224616
192891
707182
755383
390120
642373
687339
552845
662640
654483
230605
320072
348232
704594
422788
289873
833951
747326
188726
167351
415822
974885
912249
689095
907883
508182
667903
43308
65869
40285
398194
443761
974948
711891
125296
505349
996810
205765
209599
275751
138430
102079
410411
675087
436708
566743
47334
385846
459533
692055
773004
116773
498344
503206
482786
241822
812517
330503
225473
362499
458982
938798
528744
70062
360570
672923
802849
480036
793201
532609
271632
801525
810358
969819
187298
120880
711487
737273
836584
15716
295642
982726
206902
357308
63147
615806
481084
428423
593426
746453
447765
115105
524072
796291
534600
306537
581061
969999
506781
791848
340204
127923
932552
870404
538068
187068
475300
303727
595593
300456
339241
841987
666739
27053
190847
274351
698745
376141
155576
458413
258874
926189
533047
828345
799680
344454
153209
513008
741322
702901
631803
512217
539069
51983
870826
299746
12279
891973
653379
867791
81228
264436
423743
439923
362274
769981
943113
828777
952493
21979
24142
874288
153969
180470
719292
348025
101391
46219
85841
393980
532471
532766
624728
153556
90384
701338
226535
584592
406300
777333
122061
118979
472265
727553
821075
480793
723166
490932
310127
395009
301894
317278
559850
308467
598879
74060
266535
717026
687759
404743
431146
137548
524331
827393
747373
747022
466577
129671
606211
283130
769655
614091
870482
153592
8340
1513
990249
506654
466312
814986
455752
687879
413966
173913
47677
98229
468904
319724
808679
690185
390348
460635
909880
911249
833276
800521
233941
884240
259834
71856
684251
835831
426459
545521
106490
124375
661263
918578
611393
330079
560665
767001
825649
735788
724053
416814
550139
64316
380015
406539
166262
946072
363372
126414
291800
995687
754587
431658
421731
625844
503192
655527
936402
188479
320776
238739
12754
462555
95734
834943
562169
346699
691281
134278
352113
870107
630292
206695
505311
526884
942006
97489
999004
74757
912509
758311
931836
497730
791094
723214
206615
875600
443404
922669
978165
495014
454573
932448
900631
229357
96246
258573
286391
631941
704967
584683
537379
155468
402248
45367
662158
501727
676032
714079
612197
549142
970579
776190
779489
364863
347063
248932
762588
467628
276211
376666
741117
412322
113582
54868
185780
210844
990489
325893
62103
303686
695838
535043
260842
272296
99363
57238
62716
834710
884726
453742
279148
877465
86571
837778
860272
416619
53431
374701
863010
889077
559011
625136
77093
785356
557219
761676
356038
805777
661937
234846
287723
577032
693531
297933
208088
672053
681603
715806
605657
495678
855279
579456
307546
930283
112802
797529
646142
110309
182671
889738
367483
458467
793686
104991
390442
661705
626528
470790
631097
768038
700342
801522
564701
879290
293572
141023
862954
635474
661133
781501
512188
173773
572852
355252
4451
400818
852697
384940
956267
570086
685084
937550
563243
122772
208172
898283
652349
441748
444610
421665
498273
649392
555328
468431
138686
712961
558128
548077
696231
240264
451825
613080
430790
686761
487013
236928
23373
529085
528163
902704
667369
951386
295236
380310
353845
352497
167844
246735
942553
257502
435879
913368
108649
350588
731880
962883
782136
465878
331968
58466
940238
442674
294617
751670
404589
777300
297876
950010
212007
860302
659089
447492
43097
740564
905571
602742
836955
46479
212193
4589
530981
342814
777995
994992
852443
825001
361820
589304
172372
84360
38724
150126
360883
701938
833374
547794
645174
385428
230926
153278
263272
672871
704203
852447
76043
670850
890306
708598
372182
230096
122587
304312
884173
967711
111698
944825
232822
300397
549198
342979
300662
761153
517281
793152
215253
150509
585064
419457
985594
381929
205647
581485
116477
380386
881619
826863
96181
504695
352555
808654
377361
987688
457021
226210
490781
260355
522162
785843
157766
275167
568117
228428
340044
5002
763883
439946
499573
726652
478244
719888
381169
819160
473475
824832
353552
46108
419855
117275
703297
401662
452498
744877
155023
814274
162546
730923
788422
889654
622118
728495
234382
120710
943169
776545
680951
321890
926930
878723
985792
444753
351939
462870
311780
40682
114340
714116
229907
196490
203204
753208
334270
728048
326179
627675
72121
535711
992355
775077
208108
89133
281190
780619
623484
448834
802053
96004
606223
259499
872967
319771
913151
649271
760117
710571
977313
20773
985370
360143
601263
500418
70296
175364
1775
876900
148042
908259
696400
644788
175038
444947
217750
862146
106547
749524
24216
547336
534995
27513
677727
650833
559758
772039
382633
871115
49803
7724
726
602235
11485
521939
376268
927638
976269
299118
415870
955866
266721
949469
864863
204923
914938
884179
71463
285990
781532
471937
124631
662937
747830
569585
619446
407559
409144
576083
93367
609875
257254
450642
755129
439360
234724
366913
97944
95031
224466
680182
145788
731471
966402
667444
928890
79959
37697
963492
294286
93530
181764
888858
599410
2790
131766
386650
22944
652057
119195
427526
504546
497139
56565
998732
932403
369772
983442
481911
40599
263221
786912
958137
106762
153644
94229
298676
224176
903329
997509
212275
527826
587452
91093
534102
448130
517793
497048
795122
655961
54438
609778
39548
715593
374152
355357
400834
233202
460502
424875
448886
18905
353295
743985
458050
889356
125562
320421
316586
103112
997689
748929
64614
128469
802726
687086
531630
647261
413175
308135
287957
307889
245611
847676
803143
805266
967060
6359
637034
109577
406857
530700
299722
55774
97620
43282
600649
531429
87776
247549
560890
725323
959226
602083
593400
13046
115960
917646
172139
342971
56977
673146
920242
30971
996985
382294
438922
389269
547297
651951
201227
688620
30980
10162
953183
578256
461835
494752
999335
546072
174697
582613
985393
858031
574337
941421
453136
147137
745037
137115
87755
436744
367271
582222
38993
905820
989417
843838
533534
716794
214740
655835
391811
42529
156547
133676
939211
118564
808320
327595
939882
539449
324751
911658
996350
42183
788618
433533
537072
759844
561107
511090
832222
762181
993030
534615
919660
479742
673796
405634
173234
94175
451556
990292
280653
101119
731843
220240
972191
494644
972165
726878
367231
492676
81174
623398
290645
344487
214485
216552
387008
598927
873496
864882
208310
733382
339519
571634
30089
895189
992176
490289
906922
298963
651865
268404
847959
219664
816815
708526
61101
496069
98071
111867
126716
872249
206920
767355
150665
596698
406829
93077
151590
690637
232345
283283
447312
445681
888095
574039
262916
591528
822018
512949
861518
804323
612304
593406
199920
91384
373147
36049
718430
131547
17287
118017
601067
360119
101518
829339
960155
315005
856618
82351
832555
63344
812753
823892
627487
65394
27311
154357
251688
871900
606490
948124
799980
4177
729231
399274
999980
342142
340137
993499
492314
195589
188431
522871
140726
648917
475074
70821
546896
74490
599333
974730
527596
422442
562913
290571
92143
113236
457159
159378
120434
980292
666514
416445
469909
330313
805048
791365
770132
957363
304058
767294
899551
345233
103798
178482
755174
856328
177937
430390
718448
725538
36057
19948
186685
811114
825523
529488
93306
303044
192803
741164
190506
805884
204022
946281
548656
89729
589508
582534
985601
25452
553034
786589
877928
13146
6645
995366
939740
441776
326878
412506
350052
837075
423393
458313
716513
63974
634772
764683
381369
878064
983788
945798
844883
588446
622838
982611
664060
935938
83317
102439
134199
278056
62308
209205
953848
126234
89547
584583
837
875150
649027
522936
814923
465700
397622
206509
324978
50578
684210
562514
121243
422689
181170
77265
919644
815190
947248
435259
162097
336474
108508
574804
321935
633216
546489
863562
472524
304567
665020
91528
303004
246437
515657
51174
167622
36975
499802
103438
906274
523747
220826
886824
395170
457364
595101
18128
824088
709004
81438
10152
695192
797031
554547
744029
182937
525870
516704
342541
903488
898632
588578
6699
568083
48489
209443
134417
802548
789493
406060
315372
274207
59403
758802
544943
452031
534943
727640
702850
696792
402316
845688
408610
306248
236208
319929
71212
960209
813161
110560
358639
902234
853790
296370
694797
329799
750588
785990
951922
820048
80404
110716
580591
140401
840828
386128
664541
543232
583141
878957
766027
664504
720097
539365
475803
340369
946087
311672
872574
214876
801746
839525
429976
658651
586906
911801
499334
519870
734513
840450
85308
244840
403602
451117
124045
567570
16587
107975
30014
560848
159975
281639
909873
652887
676137
368903
377577
608311
226339
718910
728359
440672
303782
229454
582425
887212
76441
681743
132633
494332
281280
591091
472738
855048
755914
493344
615279
355338
91613
143592
417868
343830
412723
676051
481416
895437
205886
5624
441268
197182
601602
743792
58856
17743
372342
73843
436494
86013
214998
223428
251400
792079
924525
646901
73223
520792
468762
794860
629309
826092
6738
513850
935672
595882
992301
686416
367989
22550
589445
162915
668290
498820
865448
231313
948934
731458
550646
961902
372857
248433
620980
318924
556796
930877
736266
778300
140845
899534
87996
361220
690665
52418
972671
708622
940026
401334
824912
768001
146052
282332
217983
