222
962
1331
1436
2800
4916
5340
5899
7721
8223
8776
10367
11637
12173
12736
13577
14562
14623
15346
18364
18776
18911
19252
19358
19716
22158
22704
28376
29128
30083
32551
33433
33560
33587
34162
34672
35462
36482
39194
39756
39926
41458
44188
44750
46557
47071
47226
50790
53345
53575
53994
55574
56184
56331
57061
59436
60061
62184
65775
68648
68719
69856
70933
71059
71289
72975
73063
73633
73996
74742
75059
78316
80240
81485
83205
84309
85199
86875
87284
87592
88283
90061
90383
90874
91287
95389
97548
98052
98729
99325
102604
102726
105566
107215
107526
108645
110448
111223
111351
113337
115034
116166
117194
117966
120250
120611
121478
121835
123567
123809
124266
124445
124508
125495
126075
126945
127004
127478
128432
129166
130226
130572
130655
130818
130883
132631
133543
133837
135297
136677
137249
141091
141171
142291
143089
143223
143428
143618
143937
146032
149323
150420
150504
156064
156845
156853
156860
156945
160123
161116
162650
162763
163019
165047
166922
170074
171413
171619
171773
173813
173839
174172
174866
175387
179498
180055
180400
182962
184591
184896
186033
187241
188997
189954
191322
191423
191554
192040
192763
195597
195970
196003
196365
199090
200364
201949
203364
203635
204123
204313
204453
204826
204898
205284
205542
206406
207167
207583
208479
209029
209115
209457
211055
211237
212072
212211
212445
213355
213382
213568
214330
215923
217197
217825
218212
219826
220688
223641
225117
225232
225493
226037
227952
228421
229396
232217
232444
233838
233944
234045
234233
234994
238390
241154
242497
243177
244584
244591
244848
244918
247338
247730
249074
249951
252206
252528
253266
253501
254310
255395
255618
257050
258501
259901
260529
260765
261064
261321
261370
261391
261968
262010
263842
263944
264679
266147
267442
268259
268296
268992
271117
271558
273124
273947
274313
274386
275548
277604
279858
280343
281931
282943
283066
283751
292345
295257
295356
296423
297319
297401
297724
297744
297863
298337
298545
299092
300969
301200
302143
302220
304398
305376
306178
306525
309336
311300
311713
314036
314190
315545
319026
319727
320394
321054
321432
321690
325750
326513
328379
329564
330143
334125
335139
337236
338345
338440
340528
340893
341981
342165
342335
342563
342827
343235
348215
348372
353375
353424
353480
353779
354808
354834
355814
356735
357198
357376
358801
359951
360540
361747
365620
366372
367352
367810
372219
374315
374601
375051
375536
375656
376060
376444
376918
377465
377886
378649
380720
382938
383846
384727
385081
387873
388658
389307
389655
389887
390154
390501
391010
392183
394221
395288
397187
398349
398684
399005
404811
406899
407151
407295
408079
408354
408382
409844
409929
411745
413837
413961
414027
414516
417699
419720
421178
423088
424467
426305
427463
430119
431232
432334
432435
433040
434876
435180
435374
435859
436177
436606
436725
437006
437738
440028
440114
442857
443494
443585
444129
444520
444947
445132
445133
445200
447182
448745
448933
449707
449879
451018
451610
452529
453369
453775
454102
454235
454588
455207
457382
457470
457667
457919
459535
460236
460420
461705
461879
462415
462615
462966
463582
463975
464345
466724
467392
467677
468347
469457
471140
471522
472202
473660
474415
475124
476382
476934
477500
477910
478228
478810
488110
489732
489767
489784
490679
491385
491539
492452
492844
493580
493916
497540
499872
502324
505926
506418
509718
510045
511526
511563
511673
511784
512470
513677
515752
515769
516015
516542
517984
519005
519352
521379
522613
523346
525076
526454
526829
528926
529574
530783
531473
532520
535577
536053
537303
537832
540841
543348
543878
544424
545234
545305
545543
545653
546662
548137
552738
553914
554518
556587
559354
561387
561497
562703
564368
565101
568551
568939
570237
572948
573136
573720
574846
578327
578884
579939
580598
581480
581985
582170
582665
583234
585374
586765
587927
588587
589088
589579
592872
596087
599368
601679
602226
602914
605412
606324
606342
607289
609643
610314
611821
612635
613344
613939
615444
616382
616651
617228
618105
618489
621288
622534
623656
625846
626463
628721
630208
630680
630865
631249
631675
633836
634070
634328
635888
636206
636478
639476
640320
640816
641044
641225
641986
643189
643329
643856
644089
644404
646327
648332
648410
648734
649520
651198
651291
651307
651431
651839
651942
652126
652333
652560
652823
652988
653111
654141
656174
658905
659333
660539
663121
665507
665830
666377
666431
668606
673206
673352
676954
677300
677939
678914
682288
684414
685011
686180
686211
686916
687318
690290
692560
692822
693784
695370
697962
698547
699470
700131
701585
701875
703318
705341
707200
707519
708717
710046
710334
710372
711685
711840
713108
713449
713462
714678
715035
717470
718756
718962
720332
721060
721313
721372
721962
722893
724546
725397
725898
725929
731552
732604
733034
733891
734640
735872
736582
737983
738054
739502
740190
740202
740919
741545
743243
744848
745091
747220
747401
747497
747706
749400
751126
752520
752732
753423
753431
753447
754587
755332
756634
758022
758725
761625
762088
762220
762453
763440
763487
764781
764833
764863
765015
765074
765374
766691
767455
773696
773981
776387
776522
778287
778414
779123
779331
779750
780389
780511
781137
781833
782485
782527
782577
783035
784753
785314
785616
785875
786796
787747
788175
788397
789261
789667
790494
791330
792387
793288
793369
794315
794444
796787
796843
798729
798888
799461
802363
804248
807633
809751
813173
813626
815751
815828
816824
819293
819414
820047
820249
820793
821732
822760
823424
823863
825676
826322
829684
830853
831631
834316
834690
835581
837313
838182
839892
840690
840703
840712
841137
843474
843776
844170
844765
845226
845492
847089
847451
850108
850318
850607
851095
851333
851963
851991
853613
853704
858506
860028
860349
861205
862497
863039
864440
865020
865677
866065
867496
867702
868503
871666
874870
876123
877313
878084
878972
879008
880113
880479
881492
881881
882284
882721
883005
883463
883801
883850
884974
885972
886022
886271
887020
887039
887199
887205
887916
888106
890680
891327
891525
891647
892672
893187
893659
893708
894085
895005
895501
895580
897162
897380
897756
898063
898312
901210
901871
903123
903350
903903
906457
908898
909378
909410
909738
911439
914321
914926
915426
915828
917436
917998
918225
918272
919945
920461
921566
923527
923687
924826
924884
925279
926662
927631
927897
928585
929573
931767
931831
932133
933601
938827
940379
940712
943224
944208
944366
945111
945434
945987
946701
947185
948534
949353
950805
951659
953660
954030
954394
954430
954682
955509
956106
956595
957157
957227
957611
957947
958227
958463
959620
960056
960287
961707
961837
961911
963497
963731
966346
966568
968008
968538
968933
969298
969373
970257
973632
973723
975621
976738
977375
979218
980778
981668
982498
982633
983343
985133
985356
985946
986079
989193
990655
990721
991172
992032
993490
993618
994956
995537
997896
998221
998371
998625
998807
998960
